keyword,title,text,dominant_topic
광파오븐,광파오븐 찌든때 기름때 제거법 베이킹소다 스팀 식초 사용 방법,* 광파오븐 찌든때 기름때 제거법 베이킹소다 스팀 식초 사용 방법 집에서 아이랑 밥 먹다 보면... 기준으로 오븐 청소 방식까지 같이 정리해봤어요. 실제로 사용하면서 느꼈던 체감 위주로 풀어볼게요. 1. 매번... ,4
광파오븐,에어그릴 ag201kr 구입 및 삼겹살 후기(feat. 광파오븐),10년 간 우리집 고기 담당이었던 SK매직 광파오븐 겸 전자레인지 사실 광파오븐 기능은 엄청 만족하며 잘 사용했어요 오븐으로 삼겹살 구워먹으면 프라이팬에 굽는 방법보다 연기도 덜 나고 냄새도 덜 나고... ,4
광파오븐,LG광파오븐으로 만드는 치아바타 레시피,발효하면서 오븐도 예열해줘야 한다 광파오븐 220도 30~40분 예열해줬다 (참고로 테프론시트를 광파오븐 법랑접시 사이즈에 맞게 잘라서 사용했음) 2차발효가 완료되면 반죽당 물 분무기로 2~3회 뿌리기 오븐에... ,4
광파오븐,MLJ32EWSO LG 광파오븐 32L 단점 에프 대신 장만한 이유,그냥 광파오븐으로 가라&quot;는 얘기가 보이는 거에요. 찾아보니까 전자레인지·에어프라이·오븐·그릴이... 광파오븐 32L 신모델인 MLJ32EWSO로 골랐어요. 기존 39L 모델보다 용량은 작지만 히터가 3개(트리플 광파... ,4
광파오븐,LG디오스오브제컬렉션 광파오븐 MLJ39EWO 39L.... ,그만큼 오븐 기능은 떨어지는게 확실하겠군. ㅎㅎ 조명도 오른쪽 한 켠에만. 네모난 팬과 그릴이 있는 디오스 광파오븐만 오래 사용해와서인지 뱅글뱅글 돌아가는 원판이 이제와 아주 낯설다. 실제로 둘째에게... ,4
광파오븐,나비엔 매직 EOF-112NT 멀티 광파오븐으로 다양한 요리를... ,피자오븐처럼 활용해서 온도와 시간 설정 필요 없이 광파오븐11 자동기능으로 구워봤는데 미니피자 비주얼이 너무 훌륭하잖아요! 간단하게 마리네이드한 닭고기를 자동 광파그릴16 기능으로 굽고 토마토소스를... ,5
광파오븐,LG 디오스 오브제컬렉션 광파오븐 39L 장단점 정리,"LG 디오스 오브제컬렉션 광파오븐 39L 장단점 정리 현대인의 라이프스타일이 바뀌면서 주방 가전의 선택 기준도 변하고 있습니다. 예전에는 전자레인지, 토스터기, 에어프라이어, 오븐 등을 각각 따로 구매해... ",4
광파오븐,광파오븐도 1분 컷 가스렌지 찌든 기름때 제거 혁명티슈,"1종 세척제 등급 멀티 케어 가스렌지부터 오븐, 후드까지 올킬 1. 파란 통의 반전 매력 일명... 포기했던 광파오븐 심폐 소생술 자, 이제 끝판왕이 남았습니다. 가스렌지보다 더 닦기 힘든 광파오븐이에요 안쪽에... ",4
광파오븐,LG 디오스 오브제컬렉션 광파오븐 MLJ32ERS로 꿀고구마... ,#LG광파오븐 #LG디오스오브제컬렉션 #MLJ32ERS #군고구마만들기 #꿀고구마레시피 #주방가전리뷰 #간식만들기 #오븐요리 #LG전자오븐 #인테리어가전 #오브제컬렉션 #군고구마에어프라이어,4
광파오븐,LG 광파오븐 청소 | 아스토니쉬 기름때 클리너 내돈내산 후기,"광파오븐도 오븐의 종류 중 하나니까 되겠지? 사용 방법은 간단하다. 기름때가 있는 곳에 뿌리고 3분 정도 기다린 후 물기 있는 천으로 닦아내면 된다. LG 광파오븐 청소 시작 일단 광파오븐은 ❌철수세미, 철... ",4
광파오븐,자일렉 대용량 18L 광파오븐 에어프라이기 ZL-2514AF... ,"🔗 함께 보면 좋은 상품 할인율 56% 자일렉 오븐형 에어프라이어 대용량 18L 광파오븐 에어프라이기 ZL... 이 카본 히터는 탄소 발열 방식으로 가열 속도가 굉장히 빠를 뿐만 아니라, 원적외선 광파 복사열을... ",4
광파오븐,LG광파오븐 기름때 찌든때 청소세제 스크럽대디 탠저린클린으로,공식몰에서 구매하면 정품이 보장되고 A/S 안내가 명확하니 공식몰에서 구매하시는것 추천드려요! #스크럽대디 #주방세제 #청소세제 #주방청소세제 #광파오븐청소 #오븐청소세제 #탠저린클린,4
광파오븐,LG 광파오븐 청소 기름때 제거 에어프라이기 클리너 스팀,늘어나면서 광파 오븐이랑 에어 제품을 거의 매일 사용했었구요. 고기 굽고 간식 돌리고 나면 문 열었을... 사용 뒤 바로 닦는 흐름 만들기 요리 끝나고 아이 손 씻기고 식탁 정리하는 사이에 오븐 열이 조금 남아... ,4
광파오븐,이사 선물로 받은 LG 디오스 오브제컬렉션 광파오븐 32L... ,핵심 조리 기술 정리 트리플 광파히터 + 메탈히터 원적외선이 식재료 내부까지 침투해 조리 시간을... #LG디오스오브제컬렉션 #광파오븐32L #에어프라이어오븐 #오브제컬렉션후기 #주방가전추천 #올인원오븐... ,4
광파오븐,"트리플 광파 오븐 내돈내산 후기 , 전자레인지+에어프라이어+오븐","구성품은 설명서, 높은석쇠, 낮은석쇠, 회전접시, 오븐장갑, 오븐팬인데요~ 사실 이 오븐팬때문에 초기에 속좀 썩였습니다. 구매하고 나니 2022년 12월~2023년 12월 중국제조 수입분 광파오븐을 회수한다는 내용의... ",4
광파오븐,"인덕션청소 쉽게 하자! 광파오븐, 후드,싱크대도 가능","인덕션클리너 인덕션청소 쉽게 하려고요 광파오븐, 후드,싱크대도 가능한 티슈타입 클리너예요 우리집... 좋네요 광파오븐도 청소시기가 되어서 닦아줍니다. 광파오븐도 은근 관리를 잘해야 하거든요 이게... ",4
광파오븐,전자레인지 추천 LG 디오스 오브제컬렉션 광파오븐,"최근에는 전자레인지 하나로 오븐, 에어프라이어, 그릴 기능까지 동시에 활용하려는 수요가 늘어나고... LG 디오스 오브제컬렉션 광파오븐은 광파 가열 기술, 스마트 인버터 출력 제어, 에어프라이어 기능... ",4
광파오븐,광파오븐렌지 LG엘지전자 디오스 오브제랑 다른점 차이점 비교... ,기변 구매 계기 어떻게 보면 요리에 그렇게 욕심이 있는것도 아닌 편인 어필미는 광파오븐렌지를 왜 샀냐고 물어보신다면 왠지 신혼 가전에 그래도 오븐렌지는 있어야 하지 않나? 하는 무논리로 구매한 거긴... ,4
광파오븐,군밤 에어프라이 광파오븐 시간 방법,광파오븐에 굽는 법 저희 집은 광파오븐이 있어서 오븐 기능을 활용해서 구워봤어요. ✔ 예열 : 예열 기능을 활용해 예열 LG 광파오븐은 기능을 오븐으로 선택한 뒤 바로 시작 버튼을 눌러주면 예열이 시작돼요.... ,4
광파오븐,LG 디오스 광파오븐 관리(청소) 및 사용팁,▼ LG 광파오븐을 보다 편리하게 사용하고 관리하는 방법을 안내해 드립니다. 1. 멀티클린 기능 활용: 멀티클린 기능을 사용하면 오븐을 손쉽게 관리할 수 있습니다. 2. 법랑 접시 청소: 식초나 구연산을 사용해... ,1
광파오븐,미니단호박 요리 단호박빵 레시피 광파 오븐 활용,바로 출발해요~^.^ #미니단호박요리 #단호박빵 #단호박빵레시피 #오븐요리 #광파오븐요리 #단호박요리 단호박빵 레시피 * 재료 * 미니단호박 약 280g 계란 3개 설탕 1/2종이컵 천일염 2꼬집 계피가루 1/4티스푼... ,2
광파오븐,멀티 광파 오븐 나비엔 EOF-1102NT 고심끝에 5만원 할인 받고... ,나비엔 멀티 광파 오븐 eof-1102nt 네이버스토어 링크 #멀티오븐 #나비엔멀티오븐 #나비엔EOF-1102NT #에어프라이어 #광파오븐 #광파그릴 #네이버스토어꿀팁 #할인꿀팁 #네이버할인꿀팁 #멀티오븐추천... ,5
광파오븐,lg 디오스 광파오븐 오브제컬렉션 32L 추천 할인총정리,광파 기술로 빠른 조리 강력한 광파 기술이 음식 속까지 빠르게 열을 전달해 겉은 바삭하고 속은... ✔ lg 디오스 광파오븐 32L 총평 LG 디오스 광파오븐 오브제컬렉션은 단순한 오븐이 아니라  “요리와... ,4
광파오븐,군밤 에어프라이 광파오븐으로 맛있게 만드는법,"광파오븐으로 군밤 만들기 저희집 에어프라이어는, SK매직 광파오븐이어요. 에어프라이 버튼을 누르면, 에어프라이 모드로 전환되는데요. 이때 온도를 180도로 맞추고 3분 정도 예열을 합니다. 오븐 팬 위에... ",4
광파오븐,대구LG광파오븐청소 전문업체 이사 후 심하게 탄 오염 직접... ,이번 현장 오븐 안쪽 역시 너무 타버린 오염물질이 많아 고객님께서 직접 긁어내려다 스텐 미러 재질에... 대구LG광파오븐청소 전문업체 스페셜크린 입니다.  ❶ 정확하고 상세한 기기 활용 비법  해당... ,4
광파오븐,광파오븐 전자레인지 나비엔 에어프라이어 이런 분께 추천,"나비엔 광파오븐, 한눈에 정리 이 제품은 전자레인지, 광파 히터 오븐, 에어프라이어 기능을 하나로 통합한 23L 용량의 복합 조리기기예요. 전자레인지 출력은 700W, 광파 히터는 1300W로 구성되어 있고, 대류 순환... ",4
광파오븐,엘지 광파오븐 휘낭시에 만들기 가능할까 MLJ39EW,"얼마전 친정에서 원래 쓰던 거품기, 짤주머니 등 챙겨오고 재료만 새로 소소히 구입해 봤다 엘지 광파오븐 휘낭시에 만들기 엘지 돌아가는 오븐 휘낭시에 만들기..ㅎ 재료 (레시피는 자도르선생님)... ",4
광파오븐,LG 광파오븐과 에어프라이어 차이 사용 방식이 달라질 수... ,최근 광파오븐은 생각보다 많은 기능을 지원합니다 과거에는 광파오븐을 단순 오븐 정도로 생각하는 경우가 많았습니다. 하지만 최근 제품은 상당히 달라졌습니다. 이번 모델에는 트리플광파히터 직접분사... ,4
광파오븐,인천 lg 오브제 광파오븐 빌트인 오븐장 리폼,LG 오브제 광파오븐 오븐장 리폼 작업 과정 1단계 · 기존 구형 오븐 분리 고장 난 삼성 구형 오븐을 고정 나사를 풀어 앞으로 빼냈습니다. 제품이 빠진 자리 안쪽 먼지를 깔끔하게 청소하고 콘센트 위치도... ,4
광파오븐,광파오븐 오브제컬렉션 직접 써보고 결정한 이유,"구분 일반 제품 디오스 광파오븐 기능 확장성 기본 오븐 및 전자레인지 기능 위주 9가지 기능 (오븐, 스팀, 에어프라이어, 건조 등) 가열 방식 단일 히터 또는 단순 컨벡션 방식 트리플 광파 히팅 (광파 히터+메탈... ",4
광파오븐,전기오븐 대용량 에어프라이어 광파 오븐 선택 리뷰,"기름과 연기 없이 다양한 요리를 즐기고 싶은 분들에게 MONTA 에어광파 요리왕은 검토해볼 만한 전기오븐 제품입니다. 광파 조리 방식, 대용량 구성, 다기능 활용성을 종합적으로 고려하여 자신의 주방 환경과... ",4
광파오븐,LG전자 광파오븐청소 봄맞이 베스트케어가전세척 후기,"LG전자 광파오븐청소 베스트케어가전세척 후기 안녕하세요, 집호랭이예요! 그동안 너무 잘 쓰고 있던 LG전자의 광파오븐인데요, 쓸 때마다 청소하면 가장 좋겠지만, 귀찮음 때문에 방치할 때가 종종 있었어요.... ",4
광파오븐,광파오븐/ 고등어구이 도전- [자동메뉴 2-6],"하는데, 깜빡함(다음에는 칼집 내고 도전) ✔ 냄새·기름 문제 줄어들어 집에서 생선 굽기 부담 감소 ✔ 자동메뉴라 버튼만 누르면 끝 #광파오븐 #고등어구이 #오븐고등어굽기 (여러분의 후기도 공유해 주세요^^;)",5
광파오븐,"쿠잉 광파오븐렌지 CON-P26M 추천, 전자레인지 오븐 하나로... ",② 광파 히터의 강력하고 빠른 조리 원적외선 광파 히터가 탑재되어 속까지 열이 엄청 꼼꼼하고 빠르게... #쿠잉광파오븐 #복합오븐레인지 #CONP26M #전자레인지추천 #주방미니멀라이프 #홈베이킹가전... ,4
광파오븐,구운달걀 만들기 (에프vs광파오븐),"주말 이마트 세일에서 달걀 한판이 6천원 조금 안되길래 두판 사와봤다 밥솥, 오쿠, 에프, 오븐...뭘로... 에프랑 엘지 광파오븐으로 대충 열다섯개씩 만들어 봤다 흐르는 물이든 식초 뿌린 물이든 달걀은 한번... ",1
광파오븐,"LG 광파오븐 32L 모델 비교 MLJ32EWSO, MLJ32HWS","LG 광파오븐 32L 비교 핵심? ✔️ 32L 용량 동일 ✔️ 트리플 광파쿡 동일 ✔️ 자동 + 수동 조리 동일... 에어수비드 기능을 활용한 스케이크 또는 저온 요리가 필요하다면 MLJ32HWS  에어프라이, 오븐 기능... ",4
광파오븐,“에어프라이어 잘 안 쓰게 된다” LG 오브제컬렉션 광파오븐... ,전자레인지 기능만 있는 게 아니라 광파오븐 / 에어프라이 / 그릴 / 오븐 조리 이런 기능들을 한 번에... 일반 전자레인지로 돌리면 눅눅해지던 음식들도 광파 기능으로 조리하면 겉부분 식감이 훨씬... ,4
광파오븐,피자 후기｜LG 디오스 오브제컬렉션 광파오븐 230도 7분 조리,LG 디오스 오브제 컬렉션 광파오븐 32L ML32EW1 조리방법 저는 LG 디오스 오브제 컬렉션 광파오븐 32L ML32EW1을 사용했습니다. * 오븐 모드 230도 예열 * 약 7분 조리 * 치즈가 충분히 녹고 가장자리가 노릇해질 때까지... ,4
광파오븐,LG 오브제컬렉션 광파오븐 청소와 냄새제거 ML32SW1.CKOR,"글,사진 ⓒ 리즌블리 LG 광파오븐 생선구이 기능 실행 후 광파오븐 청소와 냄새제거하기 안녕하세요. 리즌블리입니다. 며칠 전에 집에서 고등어를 LG 광파오븐의 생선구이 기능으로 구이 요리를 해서... ",4
광파오븐,염통 마늘 은행도 있는 간단안주 메뉴 광파오븐 닭꼬치모드,관계로 광파오븐에 구이 모드 중에 닭꼬치 모드가 있어서 닭꼬치 모드에 구워줬어요 이렇게 통 안에... 이대로 오븐에 구워먹었는데 데리야끼 소스를 곁들이시면 데리야끼 닭꼬치 매운 양념을 곁들이시면... ,5
광파오븐,"LG 디오스 광파오븐 32L, 왜 많이 찾는지 알겠더라고요",디오스 광파오븐 32L은 단순 데우기용 느낌이 아니었어요. 오븐 에어프라이 전자레인지 스팀 그릴 발효 이렇게 9가지 기능이 들어가 있어서 활용도가 꽤 다양해요. 특히 트리플 광파쿡과 스팀 기능이 같이... ,4
광파오븐,"해외이사 가전제품 포장 방법, 광파 오븐 포장 과정 영상",특히 광파 오븐이나 전자레인지 같은 제품은 크기도 있고 내부 유리 구조가 있어 포장 과정이 중요합니다. 오늘은 해외이사 진행 중 광파 오븐을 포장하는 과정을 간단히 소개해 보겠습니다. 실제 해외이사... ,4
광파오븐,버릴 뻔한 광파오븐 살린 '기적의' 청소법 (소름주의),"6개월 만에 연기 뿜은 광파오븐 저는 지난 4월, 큰맘 먹고 광파오븐을 장만했어요. 가격은 좀 나갔지만, 하나로 에어프라이어, 전자레인지, 오븐, 스팀 요리, 심지어 청소까지 자동으로 가능한 만능 템이라... ",4
광파오븐,이루다리폼 [식기세척기 로보락 광파오븐 인덕션 ],식기세척기 규격장 철거와 하부마감 로보락장리폼 빌트인 광파오븐설치를위한 오븐장리폼과 엔지니어드스톤 타공으로 인덕션 설치공간 확보입니다. 식기세척기의경우 규격장이 있지만 싱크대 높이가 높아... ,5
광파오븐,에어프라이기 기름때 제거 광파오븐 청소하기,광파오븐은 멀티클린 청소가 있어요. 평소에 요리를 하고 나서 이 모드를 많이 활용해 주시면 좋아요. 오븐을 사용한 뒤에 안의 열이 식고 나면 스팀 청소 기능을 활용해서 바로바로 세척해 주셔요.... ,4
광파오븐,lg 디오스 광파오븐 32L 오브제 컬렉션 오븐 리뷰,"lg 디오스 광파오븐은 광파 조리 방식과 스마트 기능 구성을 앞세운 복합 오븐으로 소개되고 있으며, 32L 대용량 구성과 감각적인 오브제 디자인이 결합된 방향의 lg 디오스 광파오븐 라인업으로 주방 가전... ",4
광파오븐,울퉁불퉁 찢어먹는 식빵 만들기 쿠쿠 트리플 광파오븐 사용 후기,"에어프라이기/전자렌지/오븐/그릴 사용이 모두 가능한데, 쿠쿠 광파오븐은 에어프라이기는 온도설정이 따로 되지않더라구요~ 그래서 식빵구울때나 온도가 필요할때는 에어프라이기보다는 오븐으로... ",4
광파오븐,엘지 광파오븐 에어프라이어 고구마 굽기 밤고구마 오븐구이 온도,엘지 광파오븐 고구마 오븐구이를 해볼게요 1. 먼저 먹을 만큼 고구마를 꺼내 흙 등을 물에 깨끗하게 씻어주세요 요즘은 고구마가 깨끗하게 세척되어 나오는 편이긴 한데 흙이 많으면 손으로 문질러가면서... ,4
광파오븐,LG세탁기건조기 광파오븐 인덕션 라이브 구매 이벤트 안내... ,"워시콤보 광파오븐 인덕션 라이브 구매 이벤트 안내 5월 13일 오후 4시 LG전자 온라인 인증점 대명유통 공식몰 라이브 세탁기 건조기 일체형 워시타워나 올인원 워시콤보, 건조기, 인덕션, 광파오븐 등 LG가전... ",4
광파오븐,나비엔 매직 광파오븐 에어프라이어 23L 전자오븐 10% 할인,"광파 히팅 기술 광파 오븐은 할로겐 램프를 사용하여 적외선을 방출합니다. 이 적외선이 음식 내부까지 침투하여 빠르게 가열하므로, 일반 오븐보다 예열 시간이 짧고 조리 속도가 빠릅니다. 에너지 효율도... ",4
광파오븐,나비엔 EOF-1102NT 광파 오븐 전자레인지 에프 겸용 내돈내산... ,나비엔 멀티 광파 오븐 EOF-1102NT 네이버 쇼핑 할인 링크 #광파오븐 #광파오븐렌지 #광파그릴 #에어프라이어 #나비엔EOF-1102NT #나비엔오븐 #광파오븐추천 #에어프라이어 #내돈내산 #전자레인지 #에어프라이어추천... ,5
광파오븐,나비엔 매직 주방기기 전기레인지 3구 인덕션 멀티 광파오븐 요리,나비엔 매직 주방기기 전기레인지 3구 인덕션 멀티 광파오븐 요리 주방에서 보내는 시간이 많은 주부들... 정통 오븐 스타일 pull-down 도어 방식으로 안전하게 사용할 수 있습니다. 광파그릴 히터 컨벡션... ,5
광파오븐,5년된 광파오븐 특수세척 반사판교체 새것처럼,이렇게 세척하는 것은 3~4년에 한 번 정도만 해도 충분하다고 하더라고요! 정보 궁금하시면 댓글 달아주시면 알려드릴게요! #광파오븐세척 #엘지광파오븐관리 #광파오븐관리 #오븐세척 #에어프라이기세척,4
광파오븐,"집에서 LG광파오븐으로 리버스스테이크 해 먹기, 완전 잘됨",조금 서운하기 때문에 베이컨을 사다가 같이 구웠다. 이렇게 먹으면 제법 괜찮은 한 상이다. #리버스시어링 #스테이크굽기 #LG광파오븐 #오븐리버스시어링 #집에서스테이크굽는방법 #스테이크 #소고기스테이크,4
광파오븐,[공유] [리뷰]LG오브제인덕션x광파오븐,최고 광파오븐은 구매로 전자렌지 오븐 에어프라이 한번에 인덕션은 구독으로 구매해서 설치했는데 화이트 와이드 깔끔하고 비용도 부담없고 또 1년에 한번 관리 굿 불 조절도 쉽고 빠르고(1~9단계)... ,5
광파오븐,조이 광파오븐 LG 디오스 오브제컬렉션 MLJ32,"조이 광파오븐 LG 디오스 오브제컬렉션 MLJ32 최근 MBC '나 혼자 산다' 605회에서 조이의 주방에 등장한... MLJ32 모델은 광파 기술을 활용한 고성능 오븐으로, 기존 전자레인지의 한계를 뛰어넘는 다양한 조리 방식을... ",4
광파오븐,"왜 인기일까? 비교(광파오븐에어프라이어, 스팀에어프라이어)","하나의 기기로 에어프라이어, 오븐, 전자레인지 역할을 한다. 스마트 센서가 자동으로 조절해주니 편리하다. 요리 초보자도 쉽게 사용할 수 있도록 프리셋 메뉴들이 다양하게 준비되어 있다. 광파오븐 vs 스팀... ",4
광파오븐,오븐내부청소 미뤘던 lg광파오븐 청소하기,"오븐내부청소 미뤘던 lg광파오븐 청소하기 안녕하세요, 집호랭이예요! 저희 집엔 LG 광파오븐이 있는데 제대로 청소를 해본 적이 없는 것 같은 거예요.. 물론 대충 닦은 적은 있지만 그래서는 제대로 닦이지... ",4
광파오븐,광파오븐 기능의 자일렉 대용량 오븐형 에어프라이어로... ,"18L 오븐형 에어프라이어 ZL-2514AF입니다. 감성적인 디자인에 광파오븐의 빠른 속도, 그리고 속이 뻥... 예열 없이 빠르게 쾌속 광파 히팅 시스템 일반적인 열선 방식의 에어프라이기는 예열하는 데 한참 걸려서... ",4
광파오븐,"LG디오스 광파오븐 구매기 (광파오븐 종류, 최저가 구매 방법)","오븐) 2,200W 소비전력 (그릴) 1,850W 용량 (가용) 32L (32L) 소비전력 2,800W 출시년월 2025.04 2024.04 2024.03 제조사/제조국 LG전자/중국 LG전자/중국 LG전자/중국 트리플광파히터를 사용하는 32L 광파오븐이... ",4
광파오븐,"광파오븐 MLJ32EWSO, MLJ32PWSO, MLJ32MWSO 사야하는 이유",광파오븐 9가지 기능 에어프라이 오븐 구이 전자레인지 발효 스팀(찜) 식품건조 슬로우쿡 토스트 그래서 손이 많이 가는 음식도 여러 조리기구가 필요했던 음식들도 이젠 걱정없습니다 넓어진 주방... ,4
광파오븐,에어프라이어 오븐 전자레인지를 하나로 올인원 광파 오븐... ,"나비엔매직 광파오븐 EOF-1102NT의 경우엔 그럴 필요가 없다는 점이다. 이 부분은 바로 강력한 듀얼 광파... 광파오븐 한대로 에프부터, 전자레인지, 그릴 오븐, 베이킹까지 모두 가능하면서 슬림 하고 세련된... ",4
광파오븐,부산 두산위브더제니스 오션시티 광파오븐 빌트인설치하기,부산 두산위브더제니스 오션시티 아파트에 광파오븐설치를위한 오븐장리폼을 다녀왔습니다. 광파오븐의경우 아파트 옵션처럼 설치되는 빌트인 광파오븐과 싱크대상판위에 올려두고사용하는 프리스텐딩... ,5
광파오븐,광파오븐 레시피 - 라따뚜이인 척 하는 스테이크 가니쉬 굽기,이상 광파 오븐 레시피 라따뚜이인 척 하는 스테이크 가니쉬 굽기였습니다. #오븐레시피 #광파오븐레시피 #광파오븐 #라따뚜이 #광파오븐라따뚜이 #스테이크가니쉬굽는법 #스테이크가니쉬,4
광파오븐,LG건조기 인덕션 광파오븐 라이브 혜택 총 정리,"LG건조기 인덕션 광파오븐 4/23 라이브 혜택 총 정리 요즘 가전 구매 언제하면 좋을 지 타이밍 고민하시는 분 많으시죠? 그래서 오늘은 딱 하루! LG건조기부터 인덕션, 광파오븐까지 구매 사은품 100% 받을... ",4
광파오븐,LG 디오스 광파오븐 10가지 기능 - 에어수비드 가능한... ,#광파오븐 #LG광파오븐 #광파오븐에어프라이어 #에어프라이어오븐 #에어수비드 #32리터오븐 #오븐32리터 #32L오븐 #오븐32L #전자레인지에어프라이어 #멀티오븐 #홈베이킹 #광파오븐기능 #오븐모드... ,4
광파오븐,광파오븐 고민 끝! 콤팩트한 나비엔 매직 23L 전기오븐 선택 이유,듀얼광파 오븐 ‘겉만 익고 속은 아직 덜 익었을까 봐...’ 이런 고민은 이제 그만! 나비엔 매직 전기오븐의 진짜 강점은 단순한 기능을 넘어 정교한 조리 방식에 있어요.  광파 그릴 히터  컨벡션 열풍 ⚡ 800W... ,4
광파오븐,LG 광파오븐으로 방울토마토 마리네이드(오븐구이) 만들기,#방울토마토오븐구이 #방울토마토요리 #토마토콩피 #LG광파오븐 #오븐토마토구이 #방울토마토마리네이드 #홈베이킹 #파스타재료 #샌드위치재료 #살림팁 #가성비요리 #초간단레시피 #토마토활용법... ,4
광파오븐,"광파오븐 좋은 이유 3가지, 추천 모델 (MLJ32EWSO... ","#광파오븐, #광파오븐추천, #LG광파오븐, #MLJ32EWSO, #트리플광파쿡, #주방가전추천, #신혼가전, #홈쿡, #에어프라이어오븐, #겉바속촉, #요리초보, #32L오븐, #LGThinQ, #오브제컬렉션, #자동요리, #집밥레시피",4
광파오븐,자일렉 오븐형 에어프라이어 18L 추천 겉바속촉 광파오븐... ,"자일렉 대용량 오븐형 에어프라이어 제품은, 강력한 광파 가열 성능과 3단 조리 시스템, 감각적인... 광파 기술과 360도 순환 가열의 미학 자일렉만의 광파 오븐 기술은 식재료의 겉은 바삭하게 만들고 속은... ",4
광파오븐,"화이트 3단 광파오븐 수납장 렌지대 추천, 좁은 주방 큐커장... ","■ 광파오븐 큐커 수납 원하는 분 뒤쪽 열 배출 공간 넉넉하고 깊이가 깊은 단단한 오븐장을 찾고 계시는 분들. ────────── 광파오븐 수납장 네이버 할인중 https://naver.me/5reeRNFz 결론적으로, 어지러운... ",4
광파오븐,"하울 광파 오븐 렌지대, 1년 사용 후 느낀 점",#하울광파 #광파오븐 #오븐렌지대 #렌지대수납장 #수납장밥솥장 #밥솥장렌지다이 #렌지다이미니 #미니전자레인지선반 #전자레인지선반800 #하울광파오븐 #광파오븐렌지대 #오븐렌지대수납장... ,4
광파오븐,광파 오븐 에어프라이어 자일렉 ZL-2516AF 에어프라이기,"디자인, 성능, 가격 모든 면에서 균형 잡힌 제품입니다. 합리적인 가격에 다양한 에어프라이기 기능을 경험하고 싶다면, 지금이 좋은 기회예요. #광파오븐에어프라이어 #에어프라이기 #오븐에어프라이어",4
광파오븐,엘지 오브제 광파오븐 청소 후기,엘지오브제광파오픈 오븐 밑에 물통 빼주세요. 물통 안 씻는 분들 많으시죠? 아마 분리되고 뚜껑이 열리는 것도 모르는 분들도 계실 거예요. 이해해요..... ㅋㅋㅋㅋㅋㅋㅋㅋㅋㅋㅋㅋ 엘지오브제광파오븐 이렇게... ,4
광파오븐,LG 디오스 광파오븐 주방가전 필수템으로 추천하는 이유... ,따로 오븐따로 식품건조기 따로 쓰느라 주방이 복잡하셨다면 이제 광파오븐 하나로 정리해 보세요... 유지합니다 광파오븐의 맛의 비결 포인트는 광파열원으로 빠르고 바삭하게 굽고 스팀으로 속까지... ,4
광파오븐,광파오븐 하나로 7가지 요리? 쿠쿠 실물 후기 공개,오늘 쿠쿠 트리플 광파오픈 포착한 초특급 할인 정보를 공유해 드리려고 해요! 바로 주방의... 멀티광파오븐 #주방가전추천 #신혼가전 #이사가전 #에어프라이어오븐 #5월한정특가 #하이마트할인... ,4
광파오븐,요리초보도 쉽게 사용 할수있는 쿠쿠광파오븐,전자레인지도 필요하지만 보다보니 빵 사달라는 딸랑구를보니 오븐도 있었으면 좋겠고 ...먹다남은 치킨은 버리기 아까우니 에어프라이어도 필요하고 하나씩 검색하면서 열심히 찾아보니까 광파오븐이란걸... ,4
광파오븐,"큐커장 광파오븐 렌지대 수납장 600 추천, 라일리홈 3단 후기","구매 이유 저는 신혼 주방 가전으로 전자레인지·에어프라이어·오븐 기능이 다 되는 &quot;큐커&quot;를... 문제는 큐커가 일반 전자레인지보다 크기가 훨씬 커서 일반 렌지대 수납장이 아닌 &quot;큐커장, 광파오븐장&quot;을... ",4
광파오븐,LG 광파오븐 오브제컬렉션 MLJ32EWSO 5월 구매후기... ,#LG광파오븐 #LG광파오븐오브제컬렉션 #MLJ32EWSO #광파오븐후기 #광파오븐추천 #오브제컬렉션광파오븐 #LG오브제광파오븐 #전자레인지추천 #에어프라이어오븐 #32L광파오븐,4
광파오븐,빌트인 오븐 철거 후 광파오븐장 리폼,1. 빌트인 오븐 사진 2. 지역명을 문자로 보내주세요^^ 수도권 전 지역 빠른 출장 가능합니다! #빌트인오븐철거 #광파오븐장리폼 #오븐수납장제작 #싱크대서랍장맞춤 #인덕션전선타공 #주방하부장리폼 #오랑이집박사,5
광파오븐,"에어프라이어 전자레인지 오븐까지, 광파오븐 MLJ32EWSO... ","쓰고, 오븐 요리까지 하고 싶다면 주방은 금방 복잡해지는데요~! 이럴 때 눈에 들어오는 제품이 바로 LG 디오스 오브제컬렉션 광파오븐 32L MLJ32EWSO입니다. 이 제품은 트리플광파쿡+스팀을 지원하고, 9 in 1... ",4
광파오븐,광파오븐 홈베이킹 도구 모닝빵 오븐팬 롤케이크팬 정사각팬,광파오븐 모닝빵 오븐팬 바로 며칠 뒤 일주일에 한번 신랑이 홈베이킹으로 빵을 만들어 주는 날 드디어 사용을 해보았는데요 이날 모닝빵 개당 75g씩 반죽을 나눠서 16개 분량으로 만들어 보았답니다 평소에... ,4
광파오븐,"오븐, 전자레인지, 에어프라이어? 나비엔 매직 광파 오븐... ",멀티오븐 하나를 소개해 드릴까 합니다. 나비엔 매직 광파 오븐 EOF-1102NT 그 주인공은 나비엔 매직... 익혀주는 광파기술을 탑재한 나비엔 매직 광파 오븐 EOF-1102NT이 해결책이 될 수 있습니다. 설치 공간이... ,4
광파오븐,광파오븐 일반 오븐과의 차이점이 뭔가요? 광파오븐 장점 및... ,"광파오븐과 일반 직화오븐의 차이점은 무엇인가요? 광파오븐의 장점도 궁금해요! 광파오븐은 광파(라이트웨이브)와 전자레인지 기능을 결합한 제품으로 빛과 전자파, 열을 함께 사용하여 음식을 빠르고... ",4
광파오븐,오늘의집 오브제 전자렌지 광파오븐 밥솥 렌지장600 추천,오늘의집에서 구매한 광파오븐 렌지장600 후기에요. 약 1년동안 잘 사용한 렌지장인데 사용하는 동안... 저는 삼성큐커 광파오븐 사용 중인데 전자레인지 놓는 자리에 광파오븐이 딱 들어가요. 일단 첫 모습은... ,4
광파오븐,대구 큐커 광파오븐 장 리폼 제작 by 대구역자이더스타,마무리 대구 큐커 광파오븐 장 리폼 제작 by 대구역자이더스타 오븐 아래로는 경첩을 달아 일반 도어 수납장처럼 사용이 가능하도록 작업을 진행했답니다^^ 작업이 완료된 후 고객님께서 딱 원하던... ,4
광파오븐,등갈비 소금구이 에어프라이어 LG광파오븐 레시피,집에 에어프라이어 있다면 아주 간단하게 만들 수 있으니 에어프라이어 또는 LG광파오븐 있으시다면... 에어프라이어 굽기 LG광파오븐 에어프라이어 사용했구요. 가장 윗칸(4칸)에 넣어주면 됩니다.... ,4
광파오븐,광파오븐 신제품 유튜브 라이브 퀴즈 이벤트,광파오븐 신제품 출시 기념 대명유통 유튜브 라이브 퀴즈 이벤트 안녕하세요 LG전자 온라인인증점... 주방의 품격을 한층 더 높여줄 LG 디오스 오브제컬렉션 광파오븐 신모델 전자레인지 가정의달... ,4
광파오븐,LG DIOS 오브제컬렉션 광파오븐 MLJ32HWSO 구입후기,전 진짜 잘써서 일반 렌지나 미니오븐으로 돌아갈 수 없어요. (집에 에어프라이어있는데 잘 안씀 ㅠ) LG DIOS 오브제컬렉션 광파오븐 MLJ32HWSO 도어 색이 다양한데 가격차도 있지만 전 깔끔한 화이트가... ,4
광파오븐,엘지 디오스 광파오븐 손잡이 흔들림 : 일단 AS접수  LG... ,"#엘지디오스 #광파오븐 #손잡이 #흔들 흔들합니다. #빌트인광파오븐 모델이고 이게 제가 뭘 잘못한 것은 없다고 생각합니다. 일단 AS접수부터, 해보겠습니다. #엘지전자 AS센터 1544-7777 #LG서비스센터 눈으로... ",4
광파오븐,오븐 군고구마 만들기 광파오븐 고구마 굽기 온도 간식 고구마... ,껍질 #군고구마 #군고구마만들기 #오븐군고구마 #오븐군고구마만들기 #고구마굽기 #오븐고구마굽기 #광파오븐군고구마 #고구마요리 #군고구마껍질 #고구마 #군고구마요리 #군고구마오븐 #고구마보관법... ,5
광파오븐,아이간식 호박고구마 광파오븐으로 군고구마 해먹기,"광파오븐이 만능이라서 빵, 오븐, 전자레인지, 그릴 등 여러가지를 할 수 있어서 공간을 덜 차지하니까 대만족! 맛도리 호박고구마♡ 고구마 거들떠보지 않던 1,2호가 맛한번 봐보더니 아주 잘 먹는다ㅋ뿌듯ㅋ... ",5
광파오븐,"쿠잉 광파오븐렌지 CON-P26M, 1년 사용 후기와 만족도",쿠잉광파오븐렌지CON-P26M복합오븐레인지전자레인지에어프라이어겸용멀티쿠커 Q1: 쿠잉 광파오븐렌지의 내구성은 어떤가요? A1: 내구성이 뛰어나며 1년 동안 문제없이 사용하고 있습니다. Q2: 오랜 사용 후에도... ,5
광파오븐,시원한 주방을 위한 인덕션 광파오븐 LIVE 이벤트 총정리,"인덕션 &amp; 광파오븐 라이브 소식을 총 정리하여 전해드리겠습니다☺️ 6/24 유튜브 라이브 소개 일정 내일 오후 2시! 대명유통 유튜브 라이브 소개 모델 인덕션 : BEI3ASB2O / 3구, 3,400W 광파오븐 : MLJ32EWSO / 32L... ",4
광파오븐,LG 디오스 광파오븐 사용설명서 - 아파트 빌트인 오븐 사용법,첨부파일 MWO＿KOR＿MFL67233153＿06＿250905＿00＿OM＿WEB＿260123＿151047.pdf ️ 아파트 빌트인 광파오븐 설명서️ #lg디오스빌트인사용방법 #lg디오스광파오븐 #빌트인오븐사용법... ,4
광파오븐,5/16 17시 광파오븐 라이브 사전 이벤트 - 쿠키프라페 5명,5월 16일 17시 라이브 사전 이벤트 5/16라이브에서 소개하는 광파오븐 MLJ32EWSO 컬러 이름이 뭐예요?... 5/16 금요일 오후 5시에 유튜브에서 진행되는 대명유통 라이브에서 소개하는 광파오븐 MLJ32EWSO 제품의... ,4
광파오븐,"RH1200 광파오븐수납장 추천, 좁은 주방 넓게 쓰는 빌트인... ","🔗 함께 보면 좋은 상품 할인율 24% 광파오븐수납장 밥솥장 광파오븐장 큐커장 오븐선반 밥솥전자렌지대 600x550x1200mm, 3단, 화이트 판매가 178,000원134,500원 리뷰 및 상세정보 확인 할인율 37% 바나코 TERSO 컬러... ",4
광파오븐,레트로 오븐형... 트리플광파 오븐 블랙 23L 고객직접설치... ,"갖췄습니다 오븐형 구조로 설계되어 조리 과정을 눈으로 직접 확인할 수 있습니다 나비엔매직 트리플광파 오븐 블랙 23L 고객직접설치, EOF-1102NT 세련된 블랙 컬러의 23리터 트리플광파 오븐으로 집에서도... ",4
광파오븐,"쿠엔코 광파 오븐 렌지대 서랍둘 1000 방문설치, 내추럴오크... ","수납장 광파 렌지대형 방문설치, 아이보리 아이보리 컬러의 깔끔한 디자인이 적용된 1000 사이즈 주방 수납장으로 광파오븐과 전자레인지 등 다양한 주방가전을 효율적으로 배치할 수 있으며 넉넉한... ",0
광파오븐,광파오븐 렌지대 선택 가이드: 필웰과 휴룸 엘사 모델 비교,"주방에서 광파오븐과 전자레인지를 효율적으로 수납하고자 할 때, '광파오븐 렌지대'는 필수 아이템입니다. 이러한 수납장은 주방 공간을 깔끔하게 정리하고, 조리 기구를 안전하게 보관하는 데 도움을... ",4
요리 루틴,필수템 전자레인지 실리콘 찜기 하나로 끝낸 간편 요리 루틴,특히 육아하면서 시간에 쫓길 때 요리 과정이 단순해진다는 게 생각보다 크게 느껴졌어요. 이런 부분에서 일상 루틴을 조금 더 편하게 만들어주는 느낌이라 꾸준히 활용하게 될 것 같아요. 이상 직접 사용해본... ,4
요리 루틴,실리팟 전자레인지 찜기랑 스티머로 요리 루틴이 바뀌었어요!,찜요리는 좋아하는데 설거지나 준비과정이 번거로워서 왠지 자주 안 하게 되더라고요. 그런데 요즘... 요즘 루틴이에요 다이어트 해야하는데 식단 넘 힘들었어요. 근데 스티머는 냄비에 올리기만 하면... ,5
요리 루틴,집밥요리 쿠킹클래스듣고 혼밥 직장인 건강한 루틴만들기,손질 -&gt; 조리 -&gt; 마무리 -&gt; 포장 -&gt; 정리 이순서가 보통 루틴인데 요리루틴이 잡히다보면 손이 빨라지고 집에서 혼밥요리 할때도 금방 만들 수 있어요 개별실습 중심!! 혼밥요리 필수 요리는 보는 것보다 직접... ,3
요리 루틴,머위요리 머위나물볶음 들깨... 봄철 꼭 먹어야 하는 집밥 루틴,"여러분, 오늘도 맛있게 드시고 더 건강해지세요! #머위요리 #머위나물볶음 #머위볶음 #들깨머위볶음 #머위나물 #봄나물요리 #나물요리 #균형의루틴 #집밥루틴 #다이어트집밥",5
요리 루틴,10번 해도 한 달이면 원래대로? 요리 루틴 기록부터 시작하세요,"✦ 1단계: 3일간 요리 루틴을 기록합니다 주방에 메모지 한 장을 붙이세요. 3일 동안 요리할 때마다 손이... 이 루틴을 6개월간 유지한 결과, 한 달에 한 번씩 하던 대청소를 분기 1회로 줄일 수 있었어요. 주방이... ",5
요리 루틴,1인가구 가스비 여름철 절약 요리 루틴 실전 7단계,"즉흥 요리'를 하는 빈도가 줄고, 가스 낭비도 줄어든다. 실전 루틴에서 식재료 관리는 요리 루틴의 전 단계로 반드시 포함되어야 한다. 2026년 기준 가스비 절약 루틴 실전 체크리스트 지금까지의 내용을... ",5
요리 루틴,미리 손질 전략 — 매일 요리가 가벼워지는 비밀 루틴,기준 #파손질방법 #양파보관팁 #마늘손질법 #냉동채소보관 #요리초보팁 #주방정리루틴 #식재료손질 #자취요리루틴 #주부꿀팁 #시간절약요리 #주방생활꿀팁 #냉동보관방법 #한번에손질하기 #파냉동보관... ,3
요리 루틴,논현요리학원 다니면서 프리랜서 루틴 찾은 이야기,"현재 - 프리랜서 루틴 요즘 일 없을 때 요리해요. 아침에 일어나서 논현요리학원 가서 배우고, 집 와서 복습하고. 작업 의뢰 들어와도 요리하면서 생각 정리되더라고요. 친구들 불러서 해주기도 해요. &quot;네가 이런... ",3
요리 루틴,새벽 5시 아침 요리 루틴,오늘은 제가 매일 아침 5시에 일어나서 어떤 요리 루틴을 가지고 있는지 공유해 볼게요! 아침 요리를... 여러분도 아침 식사 루틴을 시작해 보세요! 아침의 소중함을 느끼게 될 거예요.,5
요리 루틴,나의 요리 해방 일지 ｜ 해방 루틴,"나의 요리 해방 일지 - 주방장의 해방 루틴_ main photo 음식 스트레스는 음식으로 푼다 사랑은 또 다른 사랑으로 잊히고, 운동으로 뭉친 근육은 운동으로 풀고, 요리하는 사람은 퇴근 후에 요리를 하면서... ",3
요리 루틴,요리 편해지는 주방 동선 정리 루틴,그래서 오늘은 주방 동선만 바꿔도 요리가 훨씬 편해지는 정리 루틴 알려드릴게요. 요리 흐름부터 생각해요 주방 정리는 무작정 예쁘게만 하는 게 아니라 흐름이 먼저예요. 재료 꺼내고 씻고 자르고 조리하고... ,3
요리 루틴,써모스 원팬루틴 | 연말 원팬 요리 추천! 크리에이터 '팀쿡'의... ,연말에는 소중한 사람들과 함께 맛있고 간편한 원팬 레시피로 따뜻한 시간을 만들어 보면 어떨까요? &quot; &quot; &quot; 궁금한 원팬 레시피가 있다면 댓글로 알려 주세요. 다음 원팬루틴 요리로 찾아올게요!,5
요리 루틴,살림 팁ㅣ시간과 돈이 절약되는ㅣ엄마의 요리 루틴ㅣ조리 팁,"그 루틴 덕분에 요리가 훨씬 수월해지고, 주방도 깔끔하게 유지되고, 시간까지 절약된다. 오늘은 내가 매일 쓰는 “요리가 쉬워지는 조리 시스템”을 그대로 공유해보려고 한다. 필요한 재료, 주 1회 장보기 1.... ",5
요리 루틴,&quot;불 앞에 서기 싫어요&quot; 여름 10분 냉장고 털기 요리 루틴 완벽... ,불을 최대한 안 쓰는 요리 루틴을 만드는 것!  여름 10분 요리 루틴의 핵심 원칙 이 루틴에는 딱 세... 빠른요리 #요리루틴 #여름식단 #간편조리 #주방꿀팁 #요리초보 #10분집밥 #여름살림 #식비절약... ,5
요리 루틴,마비노기 모바일 모비노기 숙제 후 월요일 요리루틴,"저번에 숙제루틴과 일간,주간 재료파밍루틴을 포스팅했엇다 그리고 월요일마다 숙제후 요리루틴을... 했었다 요리루틴이라 해봤자 요리는 2~3가지 정도인데 야채볶음, 사과생크림케이크, 호박수프이다... ",5
요리 루틴,명절 요리 루틴에 맞춘 에어프라이어 vs 오븐형 가이드,특히 에어프라이어 vs 오븐형은 요리 루틴에 따라 편의성이 크게 갈려요. 이 글을 읽으면 우리 집에... 동시에 여러 메뉴를 처리하는 명절 루틴에 유리해요. 선택 기준(비교 정리) 아래 기준으로 보면 결론이... ,4
요리 루틴,티타늄 웍 궁중팬 강력한 화력으로 완성하는 프리미엄 요리 루틴,클래딘 통3중 티타늄 웍 궁중팬 강력한 화력으로 완성하는 프리미엄 요리 루틴 빠르고 균일한 화력의 시작 요리는 열 전달에서 차이가 납니다. 이 제품은 통3중 구조와 티타늄 소재를 적용해 빠르게 전달되고... ,5
요리 루틴,AGK 마미니 전동 강판으로 요리 루틴이 완전히 바뀐 후기,"요즘 ‘요리 루틴’이라는 말, 정말 자주 듣지 않나요? 저도 한때 요리를 시작하면 새롭고 재미있었는데... 특히 재료 손질, 칼질, 다지기 같은 과정에 부담이 커서 요리를 꺼리게 됐어요. 그 루틴을 완전히... ",5
요리 루틴,바쁜 40대 맞벌이 부부를 위한 10분 간단 요리 반찬 루틴,"매일 저녁, 딱 10분만 투자해 근사한 집밥을 차리고 여유까지 챙길 수 있는 간단 요리 루틴을... 매일 버리러 나가기 힘든 맞벌이 부부에게는 음식물 쓰레기 관리도 루틴의 일부가 되어야 합니다. 요리하며 나온... ",5
요리 루틴,없이 이어가는 일상 중국어 공부 루틴 (요리중국어 추천),요리하면서 자연스럽게 익히게 되는 요리 중국어 표현들이 제 공부 루틴에 큰 도움이 되고 있어요. 우선 장금이를 꿈꾸는 주부로서 요리 전 한국어 요리책을 보며 레시피를 익혀요. 그리고 요리 후에는 중국어... ,5
요리 루틴,매일 집밥 루틴 도전｜현실 요리 루틴 기록 공개｜평일... ,매일 집밥 루틴 도전｜현실 요리 루틴 기록 공개｜평일 아이들 아침·엄마 혼밥｜집밥습관 Ep.11 #집밥루틴 #평일아침밥 #아이들아침식사 #엄마혼밥 #주간집밥 #간단집밥 #요리루틴 #준앤제니 #짧은요리 #생활루틴... ,5
요리 루틴,"간이식, 혼자 즐기는 간편요리 루틴!","간이식을 즐기는 루틴은 간편하면서도 맛있는 음식을 즐기는 것이 중요합니다. 예를 들어, 간단한... 즐기는 요리 루틴을 만들어보면 자신만의 특별한 시간을 보내며 스트레스를 해소할 수 있습니다. 요리를 통해... ",5
요리 루틴,라드 요리 루틴,"라드를 요리에 사용하면서 음식 루틴이 생겼다. 1일. 삼겹살을 끓여서 수육을 먹는다. 국물을 식혀서 라드를 건진다. 2일.삼겹살 육수를 활용해서 국물음식을 만든다. 라면,만둣국 등을 끓인다. 3일. 라드로... ",4
요리 루틴,하이퐁 일상 브이로그 | 집밥 요리·건강식 루틴·하이퐁 생활 기록,건강 루틴을 잘 챙겨 보도록 해야지. 하노이 일상처럼 즐겁게. #하이퐁 #하노이 #하노이일상 #하이퐁일상 #하이퐁생활 #집밥일상 #하이퐁브이로그 #베트남생활 #건강루틴 #집밥요리 #일본커리맛집 #프롬라미,5
요리 루틴,일상에 맞는 요리 루틴 만들기,일상에 맞는 요리 루틴 만들기 여러분이 원하는 맛있는 한 끼를 위해선 일정한 요리 루틴이 도움이... 이러한 작은 변형이 반복되면서 자신만의 특색 있는 요리 습관이 자리 잡히더라고요. 실제로 만들어본 루틴... ,5
요리 루틴,손질 재료 간단 요약으로 시작하는 내 요리 루틴,"내가 이 글을 쓰게 된 진짜 이유 요리를 잘하진 않지만, 맛있게 먹는 건 좋아하는 사람이에요. 그래서 가능하면 오래가지 않고, 금방 끝나는 루틴을 찾으려 노력했죠. 재료 손질도 그중 하나였고요. 시간이... ",5
요리 루틴,두근두근타운〈꿈의 명암〉 매일 요리 루틴 총정리 (재료 수량... ,"〈꿈의 명암〉 요리 재료 매일 루틴 정리  글쓴이 기본 정보 - 요리 &amp; 원예/농사 레벨 각 10 → 재료 제한 없이 이용 가능 - 요리 객단가 계산 없이, 사용 횟수가 많은 요리 위주로 선택 (3회 먹고 사용 횟수 1... ",4
요리 루틴,냉장고 파먹기 요리 루틴&quot; 식비 월 20만 원 절감하는 1.5가구... ,'재료 돌려막기' 주간 식단 루틴 1.5인 가구는 식재료 한 봉지를 사면 꼭 남습니다. 하나의 메인 재료로 3가지 요리를 만드는 것이 쾌적한 식단의 비결입니다. 예시: '양배추' 한 통을 샀을 때 월요일: 양배추 쌈... ,5
요리 루틴,에어프라이어 16L 후기｜에어프라이어 하나로 요리 루틴이 바뀜,하나로 요리 루틴이 바뀜 요즘 집에서 밥 해먹는 횟수 많아지면서 에어프라이어 사용 빈도도... 트레이 여러 개 한 번에 넣고 돌릴 수 있어서 한 번 예열 → 여러 요리 동시 조리 가능. 이거 은근 차이 큽니다.... ,3
요리 루틴,티타늄 프라이팬 깊은 열전도로 완성하는 프리미엄 요리 루틴,클래딘 통5중 316Ti 스텐 티타늄 프라이팬 깊은 열전도로 완성하는 프리미엄 요리 루틴 강력하게 전달되는 균일한 화력의 시작 요리는 열 전달에서 완성도가 결정됩니다. 이 제품은 통5중 구조와 316Ti 스텐 소재를... ,5
요리 루틴,AGK마미니로 바뀐 우리 집 요리 루틴,"AGK마미니로 바뀐 우리 집 요리 루틴 아이들 아침 챙기랴, 저녁 반찬 준비하랴 하루에 부엌에서 보내는... 만족스러웠어요 요리 시간이 확 줄어든 이유 예전에는 샐러드 한 접시 준비하려면 채소를 종류별로... ",5
요리 루틴,30대를 위한 주말 요리 루틴으로 삶을 바꾸는 방법,"완벽한 루틴이 완성됩니다 나쁜 습관에서 벗어나는 시작은 요리 요리 루틴을 만들기 위해 가장 먼저 해야 할 일은 평소의 나쁜 식습관을 인식하는 것입니다 예를 들어, 자기 전 간식을 줄이고 식사 시간을... ",5
요리 루틴,쿡에버 스텐 국자 소 써보니 매일 요리 루틴이 달라지는 이유,"일정해매일 요리 루틴이 빨라지기쉬웠습니다. 놓치면 손해인 포인트는그립과용량감인데,제가 직접 써보니작은 국자 하나가 설거지 동선까지 정리해주더라고요. 이 글에서는사용감,어떤 요리에 잘 맞는지,구매... ",4
요리 루틴,유통기한 임박 식재료 활용하는 나만의 요리 루틴,"이런 루틴을 꾸준히 실천하다 보니 식비가 줄어드는 경제적인 효과도 크지만, 무엇보다 내 삶을 더 꼼꼼하게 챙기고 있다는 성취감이 정말 큽니다. 유통기한 임박 식재료를 버리지 않고 맛있는 요리로 만들어... ",5
요리 루틴,일상 속 활력을 채우는 매콤한 해물 요리 루틴,"처음엔 신선한 해물 요리를 찾던 과정이었지만, 이곳을 알게 되면서 제 외식 루틴에 변화가 생겼습니다. 변치 않는 맛과 서비스로 손님을 맞이하는 곳이라는 믿음이 생겼습니다. 계속 찾고 싶은 곳입니다. 제대로... ",5
요리 루틴,퇴근 후 취미요리 찾는다면 목동요리학원 직장인요리 루틴,"내가 재료를 고르고, 내가 간을 맞추고, 내가 루틴을 만들게 되니까요. 목동요리학원 취미요리는 요리 초보도 시작할 수 있게 구조가 잘 잡힌 수업입니다. 직장인요리로 퇴근 후 취미를 찾는 분, 주말에 뭔가... ",3
요리 루틴,최화정 요리 루틴 | 난각 1번 계란으로 만드는 다이어트 루틴... ,"루틴을 유지하면서도 맛에 타협하고 싶지 않다면, 오늘 소개한 최화정 요리 루틴을 한 번 따라해 보세요. 난각 1번 계란을 사용하면 맛과 품질 면에서 한층 만족도가 높습니다. 계란 하나로 이렇게 다양한 요리가... ",5
요리 루틴,"후기, 바스켓형에서 넘어오니 요리 루틴이 훨씬 다양해졌어요",넘어오니 요리 루틴이 훨씬 다양해졌어요 에어프라이어는 진짜 한 번 쓰기 시작하면 주방에서 손이... 토스트 기능으로 냉동 식빵 돌려보니까 겉은 바삭하고 안은 촉촉해서 아침 루틴 만족도도 확실히... ,5
요리 루틴,간단 요리 루틴에 맞는 주방용품 확실하게 깊이 파헤쳤어요,간단 요리 루틴에 맞는 주방용품 확실하게 깊이 파헤쳤어요 간단 요리 루틴에 알맞은 주방용품은 요리를 더욱 즐겁고 효율적으로 만들어줍니다. 첫째로 소개할 용품은 다목적 칼입니다. 주방에서 가장 기본이... ,4
요리 루틴,간단 요리 루틴에 맞는 주방용품 정말로 핵심 포인트예요,"요리는 단순한 작업이 아니라 사랑과 정성을 담아내는 예술입니다. 그러니 자신에게 맞는 주방용품을 찾아, 요리의 즐거움을 극대화해 보세요. #간단 요리 루틴에 맞는 주방용품",4
요리 루틴,[한국요리치료연구소] 경계선 지능 아동 일상생활 루틴 형성... ,"경계선 지능 아동 일상생활 루틴 형성 프로그램 “요리치료를 매개로 생활습관 루틴을 형성하는 10회기 프로그램” 아동의 일상 적응력 향상과 자기조절력, 독립적 생활 태도를 목표로 설계한다. 프로그램 개요... ",0
요리 루틴,회전채반 일체형 스텐냄비 한 번에 완성하는 멀티 요리 루틴,클래딘 회전채반 일체형 스텐냄비 한 번에 완성하는 멀티 요리 루틴 조리부터 건지기까지 한 번에 해결 요리는 편리할수록 자주 하게 됩니다. 이 제품은 회전채반이 결합된 구조로 조리와 건지기를 동시에... ,5
요리 루틴,자취생 일주일 집밥 도전 실패했을 때 다시 시작하는 요리 루틴,지금보다 훨씬 가볍게 주방 불을 켤 수 있을 거예요  #집밥 #자취요리 #자취생일주일집밥도전실패했을때다시시작하는요리루틴 #집밥루틴 #배달줄이기 #자취생식단 #한그릇요리 #냉장고털이 #간단집밥 #원룸요리,5
요리 루틴,루틴 도전｜집에서 순대 찌고 순대국까지｜주말 현실 요리... ,매일 집밥 루틴 도전｜집에서 순대 찌고 순대국까지｜주말 현실 요리 기록｜요리습관 Ep.14 #주말집밥 #집밥루틴 #요리루틴 #주말식사 #가족식사 #집밥기록 #생활루틴 #한끼기록 #요리습관 #루틴시리즈 #준앤제니... ,5
요리 루틴,채식 요리로 가득 찬 나의 하루 루틴,"요리를 즐기셨으면 해요. 간단한 재료로도 맛있는 음식을 만들 수 있다는 사실, 그것이 저의 가장 큰 발견이자 행복입니다. 여러분도 제 경험을 통해 영감을 얻으셨기를 바라요. 이제 저의 채식 요리 루틴이... ",5
요리 루틴,슬림핏 실사용 후기 주방에서 직접 써보니 달라진 요리 루틴,이 포스팅은 쇼핑커넥트 활동의 일환으로 판매시 수수료를 지급받습니다 삼성 인덕션 NZ63DG403CFK 3구 프레임리스 슬림핏 실사용 후기 주방에서 직접 써보니 달라진 요리 루틴 요리를 집에서 자주 하는... ,4
요리 루틴,자취생 월말 5천원으로 이틀 집밥 챙기는 장보기 요리 루틴,"구체적인 루틴을 정리해 볼게요. 1. 자취생 월말 5천원으로 이틀 집밥 챙기는 장보기 요리 루틴, 기준... 장보기 요리 루틴의 엔딩 요리로 냉장고도, 통장도 조금은 숨통이 트이는 구성입니다  5. 월말마다 쓰기... ",5
요리 루틴,스텐 인덕션 압력밥솥으로 변화하는 요리 루틴,"요리를 통해 건강한 루틴을 만들고 싶은 분들에게 추천드립니다. 이 제품을 통해 요리의 즐거움을 느끼고, 빠른 시간 안에 맛있는 식사를 준비해보세요. 여러분의 요리 경험을 한 단계 업그레이드할 수 있는... ",5
요리 루틴,간단 요리 루틴에 맞는 주방용품 꾸준하게 검증된 자료로... ,"이처럼 간단 요리 루틴에 적합한 주방용품들은 요리의 효율성을 높이고, 창의적인 요리 경험을 제공합니다. 각 용품의 성격에 맞는 적절한 활용이 자주 이루어질수록 요리를 즐기는 재미가 배가되며, 일상... ",5
요리 루틴,콕스타 대용량 오븐형 에어프라이어로 건강한 요리 루틴 만들기,"건강한 요리 루틴을 만들고자 하는 분들에게 최적의 선택입니다. 이 제품은 다양한 요리를 간편하게 할... 루틴을 만들고자 하는 분들에게는 조리 기능이 특히 유용합니다. 이 에어프라이어는 구이, 볶음, 구운... ",4
요리 루틴,채식 요리가 가져다 준 나의 일상 루틴,오늘은 제가 요즘 하고 있는 채식 요리에 관련된 제 일상 루틴에 대해 이야기해보려고 해요. 제가... 여러분도 소소한 변화라도 좋으니 자신만의 채식 요리 루틴을 만들어보시는 것도 좋은 경험이 될 수 있을 것... ,5
요리 루틴,나의 채식 요리 루틴: 건강과 행복을 동시에 챙기는 시간,채식 요리 루틴은 제 삶의 작은 변화이자 큰 기쁨이 되었어요. 언제부터인가 바쁜 일상 속에서도 저만의 작은 요리 시간이 있어 감정의 여유를 느끼게 되네요. 여러분도 아마 각자의 루틴 속에서 소소한 행복을... ,5
요리 루틴,나의 요리 루틴 작은 기쁨을 찾는 여정,그래서 특히 요리와 관련된 저만의 루틴을 공유해드리고 싶어요. 요리의 시작은 아침이에요. 아침에 일어나면 첫 번째로 하는 일이 주방에 가서 신선한 재료들을 체크하는 거죠. 요즘은 채식을 해야겠다는... ,5
요리 루틴,티타늄 궁중팬 콤팩트한 사이즈로 완성하는 스마트 요리 루틴,클래딘 이연복 티타늄 궁중팬 콤팩트한 사이즈로 완성하는 스마트 요리 루틴 빠르게 반응하는 화력의 시작 요리는 도구에 따라 결과가 달라집니다. 이 제품은 티타늄 소재를 적용해 빠르고 균일하게 전달되는... ,5
요리 루틴,출근 전 10분 안에 만드는 아침 샌드위치 요리 루틴,손에 쏙 익는 아침 습관이 될 거예요  #요리레시피 #아침샌드위치 #샌드위치레시피 #자취요리 #직장인아침 #간단아침메뉴 #한끼식사 #브런치아이디어 #샌드위치루틴 #출근전10분안에만드는아침샌드위치요리루틴,5
요리 루틴,자취생 인덕션 1구로 집밥 요리 루틴 만드는 법,"인덕션 1구 기준 “30분 저녁 루틴” 예시 ⏰ 머리로만 알면 또 안 움직이니까, 자취생 인덕션 1구로... 하니까요  #집밥 #자취요리 #자취생인덕션1구로집밥요리루틴만드는법 #인덕션요리 #원룸자취 #한냄비요리... ",5
요리 루틴,자취생 야근 후 10분 만에 만드는 집밥 컵요리 루틴 ☕️,"컵요리 아이디어를 루틴 형태로 정리해 볼게요. 자취생 야근 후 10분 만에 만드는 집밥 컵요리 루틴 전체 그림  먼저 구조부터 잡아볼게요. 복잡하게 생각하지 말고, 이 체크리스트만 떠올리면 됩니다. 자취생... ",5
요리 루틴,매일 집밥 루틴 도전｜현실 요리 루틴 기록 공개｜평일... ,생활루틴 #주간집밥 #매일요리 #생활패턴 #엄마일상 한 주 요리 루틴 1. 평일 아이들 아침식사 아침 준비는 늘 빠듯. 아이들이 즐겁게 먹는 모습을 상상하며. 겨울 그릇도 꺼내보고. ✔ 고구마빵 + 사과쨈 + 딜 집에... ,5
요리 루틴,"요리 후 주방 냄새 없애는 10분 루틴, 직장인도 다음 날 집 냄새... ",주방탈취제 #주방탈취템 #냉장고냄새제거 #집냄새관리 #살림루틴 #10분청소루틴 #요리후청소 #가성비살림템 #살림꿀팁 #주방청소용품 #냄새제거루틴 #신혼집주방관리 #아파트주방냄새 #냄새흡착 #스마트라이프,0
요리 루틴,주 3회 따뜻하게 먹는 채소 듬뿍 한 끼 요리 루틴 챌린지,"이 루틴의 목표, 어렵지 않게 잡기  주 3회 따뜻하게 먹는 채소 듬뿍 한 끼 요리 루틴의 목표는 거창하지 않아요. 샐러드 대신 “따뜻한 채소 요리”를 주 3번 이상 먹기 한 끼에 채소 최소 2~3가지 넣기 조리... ",5
요리 루틴,프라이팬 작지만 강한 성능으로 완성하는 스마트 요리 루틴,클래딘 IH 통3중 스텐 미니 프라이팬 작지만 강한 성능으로 완성하는 스마트 요리 루틴 작지만 빠르게 반응하는 화력의 시작 요리는 팬의 성능에서 차이가 납니다. 이 제품은 통3중 스텐 구조를 적용해 빠르고... ,5
요리 루틴,라이트 프라이팬 가벼움과 편리함으로 완성하는 스마트 요리 루틴,클래딘 네버스틱 라이트 프라이팬 가벼움과 편리함으로 완성하는 스마트 요리 루틴 가볍게 시작하는 편안한 조리 경험 요리는 도구가 편해야 더 자주 하게 됩니다. 이 제품은 라이트 설계로 손목 부담을... ,5
요리 루틴,라이트 프라이팬 세트 다양한 요리를 완성하는 스마트 주방 루틴,클래딘 네버스틱 라이트 프라이팬 세트 다양한 요리를 완성하는 스마트 주방 루틴 한 번에 준비되는... 이 제품은 실용적인 구성과 편리한 사용감을 바탕으로 매일 이어가기 좋은 요리 루틴을 만들어줍니다.... ,5
요리 루틴,튜브형 깊고 감칠맛 있는 풍미로 완성하는 데일리 건강 요리 루틴,마이노멀 저당 굴소스 튜브형 깊고 감칠맛 있는 풍미로 완성하는 데일리 건강 요리 루틴 첫 맛에서 느껴지는 깊고 진한 감칠맛 요리의 완성은 소스 하나로 달라집니다. 이 제품은 저당 설계의 굴소스로 깊고 진한... ,5
요리 루틴,매일 집밥 루틴 도전｜현실 요리 루틴 기록 공개｜평일... ,매일 집밥 루틴 도전｜현실 요리 루틴 기록 공개｜평일 아이들 아침·엄마 혼밥｜집밥습관 Ep.9 #집밥루틴 #요리루틴 #평일아침밥 #아이들아침식사 #엄마혼밥 #집밥기록 #요리일기 #일상루틴 #생활루틴... ,5
요리 루틴,내가 사랑하는 채식 요리 루틴 그리고 그 과정의 작은 즐거움,자연스럽게 이어지면서 채식 요리는 저에게 정말 특별한 존재가 되었어요. 여러분은 어떤 루틴으로 요리를 즐기고 계신가요? 함께 나눠보면 좋을 것 같아요. 오늘도 작은 기쁨을 찾아보는 하루 보내시길 바랍니다!,5
요리 루틴,루틴 도전｜현실 요리 루틴... 수육은 먹었다｜요리습관 Ep.12,매일 집밥 루틴 도전｜현실 요리 루틴 기록 공개｜주말 가족 식사｜김장은 안 했지만 수육은 먹었다｜요리습관 Ep.12 #주말집밥 #집밥루틴 #요리루틴 #주말식사 #가족식사 #주말저녁 #집밥기록 #일상루틴 #생활루틴... ,5
요리 루틴,바쁜 직장인을 위한 저녁 간편 요리 루틴,"요리 루틴에 대해 소개해드리겠습니다. 저녁은 가족과 함께하는 중요한 시간인데요, 간편하게 요리하면... 식사 준비를 간편하게 할 수 있는 이 루틴이 당신에게 큰 도움이 되기를 바랍니다! 요약 주간 식단 계획... ",5
요리 루틴,자취생 채소 안 시들게 끝까지 다 먹는 집밥 요리 루틴,"도시락/집밥 루틴이 꼬이는 날이 생기면 그대로 방치 그러다 보면 양파·대파는 물러지고, 콩나물은... 거예요 ✨ #집밥 #자취요리 #자취생채소안시들게끝까지다먹는집밥요리루틴 #냉장고파먹기 #자취생장보기... ",5
요리 루틴,간단 요리 루틴에 맞는 주방용품 철저히 근거 있는 정보,이처럼 단순한 요리 루틴에서도 다양한 주방용품들이 상호작용하며 요리를 한층 특별하게 만들어 줍니다. 간단한 요리를 시작하는 이들에게는 이러한 도구들이 필요한 이유와 각각의 특성을 아는 것이... ,4
요리 루틴,햄 하나로 아침부터 와인 안주까지 펼쳐지는 생활 요리 루틴의... ,슬라이스 햄으로 매일 먹는 샌드위치 루틴 냉동 보관하는 대용량 슬라이스 햄은 얇지 않으면서도 짜지 않다는 리뷰가 많아매일 싸는 샌드위치재료로 좋습니다. 유치원 요리 활동에도 쓰일 정도로 다루기 쉬운... ,5
요리 루틴,"배달 대신 밀프rep 도입기, 생활비 절약 주간 요리 루틴","배달 대신 밀프rep 도입기, 생활비 절약 주간 요리 루틴 당신의 오늘 하루, 어떤 작은 루틴으로 지출을 줄였는지 궁금합니다. 댓글로 그 이야기를 나눠주세요. 돈 새는 구멍을 막으려면 정기결제부터... ",5
요리 루틴,후기 집에서 직접 써보니 달라진 홈베이킹과 간편 요리 루틴,간편 요리 루틴 요즘 집에서 간단한 요리나 베이킹을 즐기는 분들이 많아졌죠. 특히 에어프라이어... 오븐에어프라이어 #주방가전 #홈베이킹 #집에서요리 #에어프라이어요리 #주방루틴 #생활가전,4
요리 루틴,"내 요리 루틴, 나를 채워주는 작은 행복","오늘은 저의 요리 루틴에 대해 이야기를 해볼까 해요. 요리는 저한테 단순한 식사 준비 이상의 의미가... 저는 요리를 할 때, 루틴이 있어요. 주말이 되면 주거니 받거니 소통하며, 반찬과 주말 특식을 준비해요.... ",5
요리 루틴,자취생 야식 끊고 싶을 때 저녁 집밥으로 대신하는 간단 요리 루틴,간단 요리 루틴의 시작일지도 모릅니다 ✨ #집밥 #자취요리 #자취생야식끊고싶을때저녁집밥으로대신하는간단요리루틴 #야식줄이기 #퇴근후저녁 #한그릇요리 #자취생식단 #야식대신집밥 #원룸자취 #혼밥루틴,5
요리 루틴,가족요리시간을 위한 아이와 함께 만드는 요리 교육 루틴,"만드는 요리 교육 루틴'에 대해 이야기해 보려고 합니다. 요리가 아이에게 주는 특별한 선물 아이와... 우리 집만의 즐거운 요리 루틴 만들기 일주일에 한 번, 혹은 한 달에 두 번이라도 '요리하는 날'을 정해두는... ",5
요리 루틴,한 주 현실 집밥 루틴 공개!... 혼밥·주말 가족 식사 요리습관 Ep8.,아이들 주중 아침·엄마 사람 혼밥·주말 가족 식사 요리습관 Ep8. #요리루틴 #집밥루틴 #현실집밥 #주중아침밥 #엄마혼밥 #주말가족식사 #요리습관 #집밥기록 #집밥일기 #하루한끼 #집밥메뉴추천 #집밥요리... ,5
요리 루틴,테팔 원픽팬 내돈내산 후기  한 팬으로 끝내는 요리 루틴 공개!,"한 팬으로 이어가는 요리 루틴 아침에 계란후라이하고 소시지 굽고, 키친타월로 쓱 닦은 뒤 고기를 구웠어요. 이어서 김치 넣고 물만 부어 김치찌개까지! 요리할 때마다 팬을 여러 개 꺼낼 필요가 없으니까... ",5
요리 루틴,자취생 전자레인지로만 만드는 집밥 요리 루틴 정리,요리”보다 “먹을 만한 한 끼” 목표로 자취생 전자레인지로만 만드는 집밥 요리 루틴은 비주얼보다 속 편하고 따뜻한 걸 우선으로 두는 게 좋아요  1. 즉석밥 + 전자레인지 반찬으로 만드는 기본 한 끼 루틴... ,5
요리 루틴,자취생 에어프라이어로 반찬까지 해결하는 집밥 요리 루틴,퇴근 후 20분 안에 끝내는 루틴 예시  이제 실제로 자취생 에어프라이어로 반찬까지 해결하는 집밥 요리... 자취생에어프라이어로반찬까지해결하는집밥요리루틴 #한그릇요리 #자취생반찬 #혼밥메뉴 #간단레시피... ,5
요리 루틴,자취생 한달치 집밥 밀프렙 없이 재료만 세팅하는 요리 루틴,집밥 먹는 날이 많아졌네?”로 이어질 수 있으니까요  #집밥 #자취요리 #자취생한달치집밥밀프렙없이재료만세팅하는요리루틴 #재료프렙 #냉동밥 #자취생단백질관리 #채소손질팩 #한그릇요리 #원룸자취 #혼밥루틴,5
요리 루틴,자취생 한 그릇 집밥으로 설거지 줄이는 요리 루틴,"있는 루틴처럼 느껴질 거예요  오늘 저녁, 프라이팬 하나만 꺼내서 자취생 한 그릇 집밥으로 설거지 줄이는 요리 루틴, 딱 한 메뉴만이라도 실험해 볼까요? #집밥 #자취요리... ",5
요리 루틴,깔끔한 한 끼 고등어 요리 새로운 루틴이 된 이야기,맛있는 고등어 요리에 진심인 곳 같아 기대가 컸죠. 편안한 분위기 속 첫 경험 가게 안은 넓고 아늑한... 건강하고 든든한 나의 새 루틴 한번 가고 나니 이 맛이 자꾸 생각나 자주 방문하게 됐어요. 점심시간마다... ,3
요리 루틴,"건강한 요리루틴 '마이노멀... 닭볶음탕, 떡볶이 요리하기",@안녕하세용@ 먹뽀라의 하루 오늘의 포스팅은 당류 0g 남해굴 100% 저칼로리 감칠맛 저당 굴소스 요리하기 가족을 위한 나만의 요리루틴 '마이노멀 저당 굴소스' 입니다! 맨날 말로만 살뺀다고 하는 사람? 나야나..... ,5
요리 루틴,오븐형 실사용 후기 집에서 요리 루틴이 조금 달라졌던 이유,이 포스팅은 쇼핑커넥트 활동의 일환으로 판매시 수수료를 지급받습니다 오르테 스팀 에어프라이어 올 스텐 15L 대용량 오븐형 실사용 후기 집에서 요리 루틴이 조금 달라졌던 이유 평소 집에서 간단하게 요리... ,4
요리 루틴,자취생 김치 한 포기로 7가지 집밥 메뉴 뽑아먹는 요리 루틴,그 김치 한 통이 갑자기 엄청 든든한 자산처럼 보일지도 모릅니다 ✨ #집밥 #자취요리 #자취생김치한포기로7가지집밥메뉴뽑아먹는요리루틴 #김치요리 #김치볶음밥 #김치찌개 #김치전 #한그릇요리 #혼밥메뉴... ,5
요리 루틴,밴드 요리 루틴 생활 속 활용법,"밴드 요리 루틴 생활 속 활용법 요리는 갑자기 춤추는 예술이 되고, 당신은 그 속의 주인공이 됩니다. 재료들을 썰고 볶는 동안, 음악의 열기는 당신의 요리 열정을 더욱 불태울 거예요. 소스를 뿌리는 순간, 마치... ",5
요리 루틴,"대한웰빙 호일 18마이크로, 요리의 새로운 루틴템",매일 요리할 때마다 이 호일을 덮거나 싸놓는 루틴이 완전 자연스럽게 자리 잡았고 친구들도... 더 많은 사람들이 이 작은 차이 덕분에 요리 루틴이 더 즐거워졌으면 좋겠어. 난 앞으로도 계속 이 대한웰빙 호일... ,5
요리 루틴,자취생 주말 냉장고 털이로 한 주 집밥 메뉴 정리하는 요리 루틴,다음 주 든든한 한 끼로 다시 태어날 수도 있습니다  #집밥 #자취요리 #자취생주말냉장고털이로한주집밥메뉴정리하는요리루틴 #냉장고털이 #냉털요리 #한그릇요리 #자취생장보기 #반찬만들기 #원룸자취 #혼밥루틴,5
요리 루틴,면목동 자취 요리 루틴: 밀키트 활용법,적는 루틴으로 하루를 여니 기분이 달라요. 면목동 자취 요리 루틴: 밀키트 활용법 저녁에는 집에... 주말에는 요리 도전을 해요. 평일에 못 만들어본 음식 레시피를 꺼내 직접 해보죠. 완성한 음식을 예쁘게... ,5
요리 루틴,"나의 채식 요리 루틴, 작은 행복을 느끼다",오늘은 제가 요즘 즐기고 있는 채식 요리 루틴에 대해서 이야기해보려고 해요. 사실 제가 채식 요리를... 제 채식 요리 루틴은 작은 변화에서 시작돼 지금은 저의 일상으로 뿌리 내리고 있답니다. 이 작은 루틴이... ,5
요리 루틴,간편한 요리 루틴으로 시간 절약하기,"간편한 요리 루틴을 통해 시간 절약하며 요리의 즐거움을 만끽할 수 있는 팁을 공유할게요. 1. 미리 계획하기: 요리의 시작은 계획부터! 주말에 한 주의 메뉴를 미리 계획해보세요. 어떤 재료가 필요한지, 어떤... ",5
요리 루틴,한강진 맛집 프랑스 가정요리 &quot;루틴&quot;,한강진 맛집 프랑스 가정요리 &quot;루틴&quot; 요즘 바빠도 너무 바쁘고 이렇게 일하다 탈 날것 같다며 나를 걱정해 준 지인 한분... 시간 한번만 내면 맛난 거 사주신다셔서 못이기는 척 따라나선 한강진 맛집! 아니... ,5
요리 루틴,내가 만든 요리 마라 마파두부 루틴,"내가 만든 요리 마라 마파두부 루틴 6년 동안 매일 아침 베란다 텃밭.꽃밭을 둘러보며, 꽃과... com/ehee50271/222677953992 요즘은 각종 요리 루틴을 포스트할 때, 필요 없는 과정을 패스합니다.... ",5
요리 루틴,퇴근 후 쉽게 할 수 있는 요리 루틴 공유,"퇴근 후 쉽게 할 수 있는 요리 루틴 공유 영양가 높은 한 그릇 요리 빠르고 간단하게 만들 수 있는 한 그릇 요리는 바쁜 저녁에 딱입니다. 예를 들어, 채소와 단백질을 함께 조리한 볶음밥이나, 국수 요리는 조리... ",5
요리 루틴,주말 나들이 게요리로 행복 루틴 시작,"우리만의 주말 루틴에 찾아온 맛 주말 루틴은 늘 늦잠 후 브런치나 고기였거든요. 뻔한 느낌이라 특별한 걸 찾다, 게요리가 떠올랐죠. 매일 11시부터 21시까지 영업해서 편했어요. 외관은 깔끔했고, 대기 없이 바로... ",5
요리 루틴,알텐바흐 엑스쿠첸 저압냄비로 완성하는 건강한 무수분 요리 루틴,초대 요리도 거뜬하거든요. 일반 냄비의 불편함과 압력솥의 과한 압력을 덜어낸 똑똑한 조리 방식이죠. 무수분 조리로 식재료의 영양은 꽉 잡고 풍미는 극대화하는 비결이 궁금하시죠? 요리 초보도 셰프처럼... ,3
요리 루틴,[이태원 맛집] 프랑스식 가정요리 '루틴(Routine)',"[이태원 맛집] 프랑스식 가정요리 '루틴(Routine)' 친한 언니, 오빠, 동기와의 만남! 언니 손에 이끌려 맛집이라 찾아간 곳은 프랑스식 가정요리가 일품인 루틴 이라는 곳입니다~ 까르보나라 파스타, 치킨 도리아... ",5
요리 루틴,한강진 이태원 맛집 프랑스가정식요리집 ♩루틴,한강진 이태원 맛집 프랑스가정식요리집 ♩루틴 엄마가 한강진에 가서 프랑스가정식요리를 먹었답니다. 루틴이라는 곳을 찾아서 갔는데 유명한 만큼 정말 맛있더라고요 ㅎㅎ 간만에 마음에 쏙 드는 음식을... ,5
요리 루틴,집안 살림_ 요리 루틴과 주방 정리에 대한 기록,어떤 요리를 할지 정하면 되는 시간표 첨부파일 IMG_8724.JPG 핸드폰 앨범에 냉장고 폴더 만들기 재료... 정리가 더 본격적으로 필요하겠구나!!! 필요한 것 빼고 다 버리기!!!! (대겸이 요리 용품 상자 만들기),3
혼밥 요리,요리 추천 오징어볶음 만들기 양념소스 양배추 매운 볶음 혼밥... ,ㅋㅋㅋㅋㅋㅋ 밥 비벼먹으면 맛있는 양념장 이거 다먹고 밥을 볶아먹음 ㅋㅋㅋ 맛있음 추천 #오징어볶음 #양념장 #오징어 #손질오징어 #냉동오징어 #혼밥메뉴 #자취요리 #양배추 #혼밥요리 #이지바이 #봉담,1
혼밥 요리,혼밥요리 삼정콩국수 옹기칼제비 수제비 밀키트 겉절이김치 대박,"저는 혼밥요리 밀키트를 주문을 했었는데, 때마침 이게 도착을 했더라고요 오늘은 제가 간편하게... 넣어주면서 요리를 마무리했어요 깨가루를 넣자마자 고소한 깨 향이 올라오는데 무조건 넣어야겠더라고요... ",2
혼밥 요리,양송이버섯덮밥레시피 버섯볶음 버섯요리 혼밥레시피,양송이버섯덮밥레시피 버섯덮밥만드는법 버섯요리 버섯볶음 한그릇요리 혼밥레시피 근처 공동구매로 저렴한 가격에 판매하는 업체가 있거든요. 밴드글 보니 양송이버섯이 올라와 있길래 예약해 두고... ,2
혼밥 요리,류수영레시피 순두부찌개 만드는법 혼밥메뉴 자취생요리,있는 혼밥메뉴 로 딱 알맞은 요리예요. 오늘 소개할 레시피는 배우 류수영 어남선생이 방송에서 소개해... 최고의 혼밥요리가 될거예요. 혼자 있어도 제대로 챙겨먹어야 몸이 상하지 않아요. 오늘 레시피는 혼자... ,2
혼밥 요리,자주 만능요리컵 전자레인지 두부계란찜 혼밥 레시피,"JAJU 혼밥 요리컵 하나면 뚝딱 만들 수 있으니 다음에는 파스타나 그라탕을 만들어 볼까 한다. 혼자 먹는 혼밥도 이제는 대충 먹지 말고 나만을 위한 금방 지은 쌀밥, 맛있는 요리로 준비해보자. https... ",1
혼밥 요리,팽이버섯덮밥 5분 혼밥메뉴 팽이버섯요리,새우 팽이버섯덮밥 5분 혼밥메뉴 가성비와 맛 모두 챙길 수 있는 팽이버섯요리 *레시피 포인트... 초간단 레시피이지만 꿀맛보장 혼밥요리 레시피 이니 꼭한번 만들어보세요.  Mj의후다닥레시피의 팁정리 팬에... ,2
혼밥 요리,사평 저수분 키마카레 일본카레 간단요리 혼밥 후기,사평 저수분 키마카레 일본카레 간단요리 혼밥 후기 집에서 먹는 카레도 조금 다르게 먹고 싶었어요... me/IIDDBx8O #사평 #사평키마카레 #저수분카레 #키마카레 #일본카레 #맛있는카레 #간단요리 #혼밥요리... ,3
혼밥 요리,자주 만능 요리컵과 함께 하는 간편한 혼밥 레시피 추천,간편 조리로 즐기는 혼밥 요리컵 왜 이제야 만났니~~~ 사실 그동안 혼밥 대충 먹었는데 자주 만능 요리컵을 만나고부터 혼밥을 더 건강하고 맛있게 챙기게 되는 것 같아요. 자주 만능 요리컵과 함께 하는... ,1
혼밥 요리,떡라면 끓이는법 혼밥메뉴 추천 떡국떡 요리,떡국떡 요리 혼밥메뉴 추천 떡라면 끓이는법 주말인데 가족들이 모두 각자 스케줄이 있어서 어쩔 수 없이 혼밥을 하게 되었어요. 점심으로 뭘 먹을까 고민을 하다 빨리 먹고 쉬고 싶은 마음에 간단하지만... ,1
혼밥 요리,데리야끼 삼겹살 덮밥 만들기 대패삼겹살 요리 만드는 법 혼밥... ,#삼겹살덮밥 #데리야끼삼겹살덮밥 #덮밥 #대패삼겹살 #대패삼겹살요리 #혼밥메뉴 #혼밥 #혼밥메뉴레시피 #요리 #레시피 #요리레시피 #요리블로거 #푸드인플루언서 #햇살마미,3
혼밥 요리,안성맞춤인 에코스타 다담팬 2종세트로 만든 혼밥요리!,"에코스타 다담팬 개시로 혼밥요리 해봤어요 1인가구 자취생의 대표요리 바로 김치볶음밥!!! 간편하기도 하고 재료도 많이 안들어서 뚝딱 만들어먹기에 좋답니다. 밥한공기, 다진김치, 대파, 햄조금... ",1
혼밥 요리,남은 낙지젓갈 요리 젓갈양념... 레시피 젓갈종류 간단혼밥,남은 낙지젓갈 요리 젓갈양념 볶음밥 만들기 버터볶음밥 레시피 젓갈 종류 간단혼밥 안녕하세요?~푸드... 간단혼밥 요리로 맛있는 낙지젓갈 버터볶음밥 만들어 드세요 오늘도 방문해주셔서 감사합니다~^^ 저의... ,2
혼밥 요리,트레이더스 돼지목살요리 양념돼지목살 만들기 자취생 혼밥레... ,너무 많이넣었나 ㅋㅋㅋㅋ 쌈장을 추가해먹도록하자 양파도 같이구워먹어줬다 맛있음! 이렇게 이날의 고기구이를 마무리합니당 총총 #돼지고기 #자취요리 #혼밥요리 #양념고기 #트레이더스 #메뉴추천 #간편메뉴,1
혼밥 요리,혼밥요리 치킨마요덮밥 만들기 남은 치킨덮밥 레시피,"혼밥메뉴, 혼밥요리로 딱이랍니다. 남은치킨요리 참치마요덮밥 만들기 재료는 치킨 , 양파, 깻잎, 계란2개, 밥1공기 남은치킨마요 소스로 양파를 진간장1.5숟갈 물 3숟갈, 맛술1숟갈, 설탕0.3숟갈 요렇게 넣어... ",2
혼밥 요리,[반찬 레시피] 꽈리고추 스팸볶음 집밥 혼밥 요리,장조림이나 멸치볶음 같이 꽈리고추 들어가는 요리 만들고 애매하게 남으면 어떻게 처리할지... 볶아내는 요리입니다. 간단한데 맛은 정말 좋아서 밥반찬으로도 정말 좋고요! 양파 정도는 생략하셔도 괜찮고... ,2
혼밥 요리,대패삼겹살 덮밥 냉동 대패삼겹살요리 혼밥 메뉴 수란만드는법,"그래서 오늘은 간단하면서도 든든하게 챙겨 먹기 좋은 혼밥메뉴, 대패삼겹살요리, 덮밥 준비했어요.^^ 냉동실에 쟁여두면 좋은 '냉동대패삼겹살요리'는 생각보다 활용도가 정말 높아요. 고기가 살짝... ",2
혼밥 요리,갓김치 김밥 만들기 간단혼밥 요리,냉털재료로 #간단혼밥 이렇게 완성하는 거죠. 갓김치 요리로 김밥 맛이 확~ 살아나더라고요. 새콤하면서 톡 쏘는 풍미가 느끼함도 잡아주고 뭔가 밥도둑 김밥 같은 느낌이랄까? 바쁜 하루 중 혼밥을 때워야... ,2
혼밥 요리,스팸 깍두기볶음밥 레시피 깍두기요리 혼밥 메뉴 추천,스팸 깍두기볶음밥 레시피 점심 혼밥 메뉴 추천 묵은 깍두기요리 *레시피 주의사항* 깍두기볶음밥 하는법 성공꿀팁 알려드려요. 뭉근하게 푹 조리고 볶아야 깊은 맛이 납니다. 김치국물 한 국자를 더해주면 더... ,2
혼밥 요리,양배추 생강 덮밥 건강하게 즐기는 초간단 혼밥요리,"위한 요리라고 생각합니다. 집에서 먹는 혼밥은 맛도 중요하지만 일단 간편하고, 설거지도 덜 나오고... 좋아 혼밥요리에도 딱입니다. 양배추와 잘 어울리는 식재료인 생강. 추운 날씨에 생강은 자주... ",2
혼밥 요리,부산 서면 철판요리 카렌 롯데백화점부산본점 서면 밥집 혼밥... ,서면에서 철판요리 먹고 싶을 때 카렌 롯데백화점부산본점 추천 콩콩  #부산서면철판요리 #서면밥집 #혼밥 #카렌 #롯데백화점부산본점 #서면맛집 #부산맛집 #철판요리 #서면철판,3
혼밥 요리,홍대 일본식 면요리 혼밥하기 좋은 곳 후타츠 마제소바 추천,형태라 혼밥하기에 부담 없고 오픈형 주방이라 조리 과정을 볼 수 있어서 더 믿음이 갔어요. 좌석에는 단무지가 준비되어 있는데요. 오독오독한 식감이 면요리랑 딱이더라구요! 후타츠 마제소바 맛있게 먹는법... ,3
혼밥 요리,네오플램 피카쁘띠쿡 4종 혼밥 요리에 좋은,네오플램 피카쁘띠쿡 4종 미니냄비프라이팬 혼밥 요리에 좋은 네오플램 피카쁘띠쿡 4종 아이 셋을... 각자 취향이 너무 달라서 한 번에 큰 냄비로 요리하기보다 1인분씩 만들게 되더라고요. 그래서 요즘 정말 잘... ,5
혼밥 요리,팽이버섯덮밥 만드는 법 달걀팽이버섯덮밥 레시피 간단혼밥 요리,팽이버섯덮밥 만드는 법 달걀팽이버섯덮밥 간단혼밥 글 · 사진 by 제시 집에서 일을 하니 점심도... 한 끼 덮밥으로도 좋답니다. 간단하면서 맛있는 덮밥요리 좋아하신다면 달걀팽이버섯덮밥 만들어 즐겨보세요.,2
혼밥 요리,혼밥 캔참치 요리 초간단 참치볶음밥 레시피 만드는법,오늘은 혼밥 메뉴로 쉽게 만들어 먹을 수 있는 캔참치 요리로 초간단 참치볶음밥 레시피 만드는법을... 1인분의 양으로 만드는 혼밥 요리여서 90~100g 캔참치를 활용하여 만들면 적당한 양으로 맛있게 먹을 수... ,2
혼밥 요리,자취요리 오므라이스 볶음밥 만들기 스팸 혼밥메뉴 만들기,소금을 뿌려서 간을 해주면될듯 나는 마지막에 케첩을 뿌려서 같이 먹을꺼라 딱히 싱겁다고 느끼진 않았음. 그럼 이글은 여기서 마무리하겠음. 이만 총총 #자취요리 #혼밥요리 #레시피 #혼밥 #볶음밥 #오므라이스,2
혼밥 요리,"금강수림 전통육개장 밀키트, 혼밥요리 국물밀키트 추천","앞으로 혼밥을 위한 국물요리로 금강수림 국물밀키트들을 쟁여두고 먹고 싶어요. 이상으로 금강수림... #금강수림, #전통육개장, #민물새우탕, #육개장, #국물밀키트, #금강수림육개장, #혼밥요리, #국물요리",2
혼밥 요리,다이어트 부추비빔밥레시피 참치캔요리 혼밥메뉴추천,알씨한 부추향이 향긋하고 먹는 내내 입안에 은은하게 퍼지는 부추참치비빔밥레시피에요 참치가 더해져 고소하고 식감이 풍부해져요 다른 재료를 더하거나 생략해도 좋아요 혼밥메뉴로도 좋은... ,2
혼밥 요리,자취요리 혼밥메뉴로 좋은 포켓쿡,안녕하세요 헨2 입니다 이번에 포켓 샐러드에서 새로 출시한 포켓 쿡 제품 이용한 후기 적어봅니당ㅎㅎ 포켓 샐러드도 되게 편리하고 좋은데 포켓쿡 제품은 자취요리 혼밥메뉴로 제격이더라구요ㅎㅎ 샐러드... ,5
혼밥 요리,양배추참치덮밥 양배추요리 다이어트음식 덮밥 캔 참치요리 혼밥,심지어 그냥도 '다이어트음식'하기 좋은데 알룰로스 설탕과 저당 고추장까지 사용하면 더없이 훌륭하고 맛있는 다이어트양배추요리 탄생이랍니다.ㅎㅎ 참치요리 혼밥 참치캔요리 참치양배추덮밥 recipe... ,2
혼밥 요리,완벽 이연복 더블 계란볶음밥 레시피 혼밥 메뉴 한그릇요리,"방식으로 조리한 계란을 넣은 이연복 더블 계란볶음밥 레시피도 꼭 만들어 보시길 바라요. 생각보다 만들기 간단하고, 팬 하나로 조리할 수 있기 때문에 간단한 한그릇요리 혼밥 메뉴로도 아주 그만이랍니다 :)",2
혼밥 요리,성시경 레시피 참치비빔우동 만들기 한그릇 요리 혼밥 추천,"시원한 음식이 땡기는 요즘 딱 좋은 #성시경레시피 준비 재료도 간단해 #한그릇요리 혼밥으로 딱이지~ 참치 한 캔 마요네즈 2T 쯔유 1T 김가루, 통깨, 대파 나는 김가루 대신 김자반을 넣어주었고 통깨도 패스... ",2
혼밥 요리,간장비빔국수 만들기 간단한 혼밥요리 비빔국수 양념장 만드는 법,안녕하세요^^ 릴사보예여~~ 점심에 혼밥으로 간단하게 비빔국수를 만들어서 먹었어요~!! 간장비빔국수 만들기 간단한 혼밥요리 레시피 간장비빔국수 만들기 &lt; 재료 &gt; 소면 1인분 간장 3스푼 올리고당 한스푼... ,2
혼밥 요리,자주 JAJU 전자레인지용 도자기 요리컵 혼밥요리에 딱!,원하는 요리에 따라 도자기 용기를 선택하고 뚜껑 닫아 전자레인지에 돌리면 손쉬운 혼밥요리가... 전자레인지와 자주 JAJU 만능요리컵으로 프로 혼밥러가 되어봅시다!!!! https://www.sivillage.com/gate/goGate.... ,1
혼밥 요리,혼밥요리 스팸 돈부리 덮밥 레시피   간단한 원팬요리,자취생들이나 혼밥 하는 분들을 위한 든든한 요리가 될 것 같다 스팸 돈부리 덮밥 밥 한 공기 스팸 120g 양파 1/2개 계란 2개 *소스 만들기* 진간장 3스푼 물 200ml 미림 2스푼 설탕 1스푼 양파는 껍질을 벗기고 1... ,2
혼밥 요리,중식이 생각나면 중화요리 현 구디 중국집 혼밥의 정석 요일밥... ,방문한다면 꼭 한번은 가봐야 할 가성비 중화요리 맛집이다. 그럼 다음에 또 만나요~ :) #중화요리현 #중화요리현혼밥 #구로맛집 #구로중국집 #구로중국집추천 #구로혼밥 #구디가성비맛집 #구디맛집,1
혼밥 요리,혼밥집밥 쭈꾸미 볶음 매콤달콤 혼밥요리 끝판왕,"매콤한 혼밥요리 혼자 먹는 밥상, 간단하면서도 맛있게 챙기고 싶을 때 가장 고민되는 게 뭘 해 먹을까 하는 거잖아요. 라면이나 배달 음식만 먹기에는 아쉽고, 직접 요리하려면 준비 과정이 번거로운데요. 혼밥... ",2
혼밥 요리,자취생 혼밥요리 메뉴추천 콩나물국 끓이기 레시피,끓여야겠다 ㅋㅋㅋㅋㅋㅋ #자취생요리 #혼밥메뉴 #콩나물국 #콩나물국레시피 #자취요리추천 #간단요리 #집밥메뉴 #국물요리 #혼밥추천 #자취생혼밥 #초간단요리 #속편한음식 #다이어트메뉴 #해장국 #집에서요리,2
혼밥 요리,울산 옥동 맛집 점심 추천 가인 중국집 중화요리 혼밥 가능,요리 가인 다녀왔어요 점심 식사 하고 온 후기 바로 포스팅해볼게요~ 울산 옥동 맛집 점심 추천 가인 내부 오픈 시간에 맞추어서 방문했는데 벌써 한 분 식사 하시고 계시더라고요~ 역시 울산 옥동 맛집! 혼밥도... ,1
혼밥 요리,음식 향긋한 취나물 김밥 만드는법 봄나물 요리 점심 혼밥 메뉴,지금 제철 음식 향긋한 취나물 김밥 만드는법 4월 제철음식 봄나물 요리 점심 혼밥 요리 지금 제철 음식 향긋한 취나물 김밥 만드는법 봄나물 요리 점심 혼밥 메뉴 지금 제철 음식 취나물로 김밥 만든다면?!... ,2
혼밥 요리,요리 다이어트 봄 제철 성시경 상추 비빔밥 레시피 혼밥 요리... ,상추 비빔밥 레시피 성시경 비빔밥 간단한 한 그릇 요리 입맛 없을 때 요리 다이어트 비빔밥 채소 듬뿍 비빔밥 봄 제철 요리 혼밥 요리 추천 안녕하세요. 구하기 쉬운 식재료로 건강하고 맛있는 집밥 레시피를... ,2
혼밥 요리,소고기 콩나물밥 양념장 만들기 콩나물요리 혼밥 5분 냄비밥,#콩나물밥 #콩나물밥양념장 #콩나물요리 #혼밥 5분 완성 찬밥요리 냄비콩나물밥 아침저녁으로 쌀쌀하니까 따뜻한 집밥 한 그릇을 괜히 더 찾게 되더라고요. 주말엔 느긋하게 밥 냄새 퍼지는 주방은 그... ,5
혼밥 요리,토달볶 초간단 전자레인지 요리 혼밥메뉴,함께하면 건강한 혼밥메뉴 완성 갑자기 추워진 날씨에 감기 비상 이럴때일수록 건강하게 잘 챙겨먹어야 해요 혼밥도 맛있게~ #토달볶 #토달볶레시피 #전자레인지요리 #초간단요리 #혼밥메뉴 #혼밥요리 #토마토요리,2
혼밥 요리,간장계란밥 레시피 간단한 요리 혼밥메뉴,"간장계란밥 레시피 간단한 요리 혼밥 메뉴 혼자 있는 날, 간단하게 먹을 수 있는 것 뭐 없을까? 가끔 떡이나 빵으로 해결하기도 하지만 때론 밥을 먹고 싶을 때가 있더라고요. 그럴 때 혼밥 메뉴로 챙겼던... ",2
혼밥 요리,된장소스 다이어트양배추요리 레시피 자취요리 혼밥요리,양배추덮밥 만들기 덮밥소스 된장소스 다이어트양배추요리 레시피 자취요리 혼밥요리 간만에 양배추덮밥 만들어 보았어요. 덮밥소스를 올려서 먹어본 적은 없는데 '우리의식탁'에서 맛있는 된장소스를 올린... ,2
혼밥 요리,혼밥메뉴 자취요리 밀키트 포켓샐러드 포켓쿡 3가지 맛 후기,안녕하세요 샐러드 브랜드로 인기 많은 포켓샐러드에서 자취요리 혹은 혼밥메뉴 요리를 간편하게 조리해 먹을 수 있는 포켓쿡을 출시해 간편한 원팬 요리로 따뜻한 밥 한끼를 해 먹어 봤어요 신선한 재료를... ,5
혼밥 요리,만들기 버섯 크림리조또 만들기 버섯요리 간단한 혼밥 레시피,맛있었답니다 버섯리조또는 만들기도 쉬워서 혼밥레시피로 너무 좋아요 집에서 간단한 혼밥으로 만들어서 드셔보세요 #버섯리조또만들기 #버섯크림리조또만들기 #버섯요리레시피 #혼밥레시피 #간단한혼밥요리,2
혼밥 요리,혼밥요리 남은 삼겹살 요리 삼겹김치볶음밥 레시피,#혼밥메뉴 #혼밥요리 #남은 삼겹살요리 #김치볶음밥레시피 #김치볶음밥 황금레시피 #삼겹김치볶음밥 @불새의 집밥일기 이번 주는 계속 일이 있어서 나갈 수밖에 없었다 그래서 점심도 밖에서 해결을 했다.... ,2
혼밥 요리,다가올 연말 혼밥 새우 요리 추천! 칠리새우덮밥 만들기,기분 울적해지기 딱 좋은 연말에 근사한 혼밥 요리로 칠리새우덮밥 어떠세요? 언제 우울했었나 싶을 정도로 맛있어서 금세 기분이 좋아지실 거예요^^ 다가올 연말 혼밥 새우 요리 추천! 칠리새우 덮밥 만들기,3
혼밥 요리,혼밥요리 추천 닭다리살 닭갈비 만들기 혼밥메뉴 간단하게... ,볶아주면됨 오홍 이렇게 해먹어도 괜찮았음 청양고추를 더 넣었으면 맛있지 않았을까 ㅋㅋㅋ 확실히 닭갈비보다는 순한맛이였다 ㅋㅋㅋㅋ 다음에 양념소스를 좀 변경해야할듯 #혼밥요리 #자취요리 #닭갈비,1
혼밥 요리,혼밥 점심 메뉴로 이만한 게... 들기름 막국수 간단한 한그릇요리,"간단하지만, 맛있고, 몸에도 부담이 적은 한그릇요리 오늘의 혼밥 점심메뉴, 들기름 막국수 만들기 지금 바로 시작하겠습니다. - 준비 재료 - 메밀면 150g~200g 깻잎 10장 실파 적당량 김가루 통깨 계란 노른자 1개... ",2
혼밥 요리,스팸 계란덮밥 만들기 간단한 혼밥 한그릇요리,있어서 반찬 없을 때 혼자 간단하게 밥 먹고 싶을 때 빠르게 만들어 먹기 좋은 메뉴예요 간단하지만 든든하고 밥 한 그릇 맛있게 비우기 좋은 스팸 계란덮밥 간단한 한 그릇요리 혼밥 메뉴로 한 번 만들어 보세요,2
혼밥 요리,간장 계란밥 레시피 계란 후라이 혼밥 메뉴 간단한 한그릇 요리,"간단한 한그릇 요리, 혼밥 메뉴로 딱이죠? 만들기도 쉽고 계란도 함께 먹으니 든든합니다. 그냥 먹어도 좋고 김치 꺼내서 같이 먹으면 더 맛있고요 ㅎㅎ 파향 은은하게 나는 계란후라이. 짭쪼름한 간장 소스에... ",2
혼밥 요리,간단 혼밥 요리 파기름볶음밥 레시피 마요네즈 계란볶음밥... ,오늘은 간단 혼밥 요리로 먹기 좋은 파기름볶음밥 레시피로 마요네즈 계란볶음밥 만드는법을 소개하려고 해요. 혼밥 메뉴로 간단히 먹기 좋은 볶음밥 레시피인데 마요네즈와 계란이 더해져서 담백하고... ,2
혼밥 요리,계란 두부덮밥 다이어트 음식 혼밥 두부요리 레시피 계란요리... ,#계란요리 #혼밥 #두부요리레시피 #저탄고지식단 #다이어트두부요리 #두부다이어트요리 #한그릇요리 #계란덮밥 #두부반찬 #자취요리 #자취생요리 #간단요리 #덮밥소스 #일본식덮밥 #혼밥메뉴 #덮밥종류,2
혼밥 요리,김밥전 남은김밥요리 보관 혼밥메뉴,김밥전 남은김밥요리 혼밥메뉴 김밥전 남은김밥요리 보관 혼밥메뉴 김밥을 만들게 되면 한줄 정도는 꼭 남게 되어서 냉동실에 남은김밥보관해 두었다가 혼밥메뉴로 김밥전을 만들어 먹기도 한답니다.... ,2
혼밥 요리,김밥전 만들기 간단한 김밥 요리 혼밥메뉴 추천,"김밥전 만들기 혼밥메뉴 추천 간단한 김밥 요리 오늘은 혼밥을 하려고 하는데요, 어제 먹고 남은 김밥으로 한 끼를 해결하려고 해요. 김밥은 여러가지 다양한 채소와 재료들을 사용해서 만들기 때문에 보관을... ",2
혼밥 요리,이찬원 간장계란밥 레시피 혼밥메뉴 한그릇요리 추천,그리고 불을 쓰지 않아도 돼서 더운 여름에도 만들어 먹기 좋은 한그릇요리예요. 설거지도 많이 나오지 않아 뒤처리도 간단해 혼밥메뉴로도 최고고요! 그냥 밥만 먹어도 맛있지만 이렇게 슥슥 비벼서... ,2
혼밥 요리,게살볶음밥 만들기 크래미볶음밥 만들기 크래미요리 혼밥메뉴... ,"약간 혼밥요리 레시피 크래미볶음밥에 넣을 재료를 손질해주세요 크래미는 잘게 찢어주고 당근, 양파... 드셔보세요 #게살볶음밥만들기 #크래미볶음밥만들기 #볶음밥만드는법 #크래미요리레시피 #혼밥메뉴만들... ",2
혼밥 요리,자취생 혼밥요리 추천 돼지고기 목살찌개 만들기 밥 비벼먹기... ,국물이 많아서 더 끓일까 했는데 귀찮아서 그냥 이쯤 끓임 이번에 만든 돼지고기 찌개는 아주 맛있었음 -_- 개소름~ #혼밥메뉴 #돼지찌개 #목심 #목살 #혼밥요리 #자취요리 #자취생 #점심메뉴 #간편요리 #두부요리,2
혼밥 요리,동결건조 매생이 굴 오일파스타 요리 혼밥,점심 혼밥으로 찹찹 해먹었어요 우리나라 스타일의 스파게티메뉴가 아닐까 싶은데요 정말 매생이국을... 별미 요리를 맛있게 만들어 먹으니 혼밥 요리로 세상 간단하고 좋았어요 ▼▼▼ 행복한 하루되세요~,2
혼밥 요리,자취요리 혼밥메뉴 추천 제육볶음 앞다리살 혼자만들어먹기좋음,마늘도 넣어줬다 냉동밥 넣고 제육볶음 넣어주고 뒤에 양배추채를 토핑으로 넣어줬다 양배추를 생으로 넣으니까 맛있음 ㅋㅋㅋ #제육볶음 #냉동 #냉장고파먹기 #자취요리 #혼밥요리 #간단요리 #제육덮밥,2
혼밥 요리,자취생 요리추천 혼밥요리 표고버섯 계란장조림 간단하게... ,"아무튼 다음에 만들게된다면 물이 어느정도 줄어든 다음에 채소를 넣어줄거임 적당히 졸여서 깨소금뿌려서 마무리해줬다, #계란장조림 #자취요리 #혼밥요리 #표고버섯 #간편요리 #혼밥메뉴 #자취생 #덮밥만들기",2
혼밥 요리,자취요리 혼밥메뉴 알리오올리오 방울토마토 파스타... ,살짝만 더 익혀먹으면 될듯하다 이날은 좀 많이 익은 느낌? 그렇다고해서 나쁜건 아니였음 약간 초롯빛깔을 더 넣었으면 좋았을듯 #자취요리 #파스타 #알리오올리오 #방울토마토 #냉동파스타 #요리 #혼밥메뉴,2
혼밥 요리,자취생 요리 추천 혼밥메뉴 무생채만들기 비빔밥,비빔밥을 만들기위해 계란후라이 고고 생채에 참기름이랑 계란만 넣고 고추장 넣고 밥 비벼먹음 ㅋㅋㅋ 무난하게 맛있는 메뉴였음 #자취요리 #혼밥요리 #계란후라이 #무생채 #무요리 #직장인요리 #점심메뉴 #비빔밥,2
혼밥 요리,자취생요리 추천 혼밥메뉴 트레이더스 단호박 리코타치즈... ,색깔 왜 이렇게 이쁜거같지 ㅋㅋㅋ 나의 샐러드파스타 제조후기는 여기까지다 ㅋㅋㅋㅋㅋ #트레이더스샐러드 #샐러드후기 #단호박샐라드 #리코타치즈샐러드 #샐러드파스타 #혼밥요리 #자취요리 #직장인도시락,2
혼밥 요리,자취요리 추천 혼쯔유 냉모밀 만들기 혼밥메뉴 여름엔... ,이게 면 1개 다 삶으면 이정도양 나옴 ㅋㅋㅋㅋㅋㅋㅋㅋ 아무튼 맛있었음 올해 여름은 냉모밀 많이 만들어먹어야지 #혼쯔유 #자취요리 #혼밥요리 #냉모밀 #냉메밀 #치킨매니아 #치킨에어프라이기 #냉동치킨 #해동,2
혼밥 요리,혼밥메뉴 자취요리 추천 찜닭 소스로 찜닭만들기 우동면추가,쫄때까지 그냥 끓이다가 당면 불린거 추가 우동면사리 추가 면사리가 다 익으면 끝 아주 맛있었음 위에 깨소금 추가 #자취요리 #혼밥메뉴 #닭다리 #양념소스 #닭다리살 #정육 #찜닭만들기 #찜닭레시피 #매콤,1
혼밥 요리,자취요리 추천 오뚜기카레... 고기 양파 카레만들기 혼밥요리추천,1통에 밥을 절반씩 넣어놨기때문에 1통 넣어서 만들어주면된다 종가 총각김치 잘라서 먹어야지 고기 당근 양파 3개만 넣고 끓임 #카레 #오뚜기카레 #자취요리 #혼밥요리 #간단요리 #앞다리살 #트레이더스 #리테일팩,1
혼밥 요리,직장인 자취생 혼밥 요리 추천 새우 샐러드 방울토마토 무농약... ,채소가 맛있는건가 ㅋㅋㅋㅋㅋㅋㅋ 아무튼 오늘 저녁은 성공적이였음 커피가 없어서 아쉽긴했지만 .. #직장인 #자취생 #혼밥 #요리 #추천 #새우 #샐러드 #방울토마토 #무농약 #양상추 #바타비아 #트레이더스,3
혼밥 요리,당근 김밥만들기 자취요리 추천 혼밥메뉴 꼬마김밥 만들기 레시피,말림 ㅋㅋㅋ 살짝 튀어나오는게 귀여움 당근을 많이넣으니까 맛있음 약간 당근김밥같이 생겼는데 ㅋㅋㅋㅋ 맛있음 #당근김밥 #당근요리 #스팸김밥 #자취요리 #혼밥요리 #김밥만들기 #다이소 #계란말이 #후라이팬,2
혼밥 요리,자취생 혼밥 간단요리 추천 콩나물밥 만들기 전자레인지 요리,전자레인지 요리 추천. #전자레인지요리 #혼밥메뉴추천 #콩나물밥 #간단요리 #자취생요리 #전자레인지혼밥 #집밥레시피 #간장소스 #콩나물요리 #혼자먹는밥 #초간단레시피 #한그릇요리 #집밥 #오늘의혼밥 #요리기록,2
혼밥 요리,자취요리 혼밥메뉴 토장 된장찌개 간단하게 끓여먹기 두부 무... ,자취요리 혼밥메뉴 토장 된장찌개 간단하게 끓여먹기 된장찌개를 끓여먹어보자 ㅋㅋㅋㅋㅋㅋ 오늘은... 손질해논게 있어서 넣어줌 버섯도 투척 두부까지 다 넣고 끓임 #된장찌개 #두부 #자취요리 #혼밥요리 #호박,2
혼밥 요리,자취요리 혼밥메뉴 애호박 두부조림 양념장 추천,참치액 1숟가락 대파 청양고추 마늘 추가 물을 좀 넣고 잘 조려줌 무난하게완성 남은두부로 다음날 또 만들어먹음 호박위에 두부 하나씩 올려줌 #두부조림 #애호박조림 #양념장 #자취요리 #혼밥메뉴 #다이어트,1
혼밥 요리,자취생 혼밥요리 추천 돼지고기 목살 김치찌개 끓이기,자취생 혼밥요리 추천 돼지고기 목살 김치찌개 끓이기 최근에 목살을 구매했기때문에 목살요리를... 그럼 이만 총총 #김치찌개 #코인육수 #돼지고기 #목살 #트레이더스 #혼밥메뉴 #자취생 #김치 #자취요리,1
혼밥 요리,자취요리 혼밥요리 전자레인지 이찬원 간장계란밥 만들기,난 이정도면 만족 중간중간 체크하는게 중요함 밥위에 계란 올려주고 깨소금이랑 참기름 추가 간단하게 먹기좋은 메뉴였음 추천 #간장계란밥 #혼밥요리 #이찬원 #전자레인지 #요리 #자취요리 #간장요리 #계란요리,2
혼밥 요리,자취생 혼밥메뉴 요리 추천 전자레인지 단호박 치즈구이 만들기,많네 ㅋㅋㅋㅋㅋㅋㅋ 위에 모짜렐라 치즈도 뿌려줌 ㅋㅋㅋㅋㅋ 익은계란이랑 모짜렐라 치즈랑.. 단호박까지 섞으니 나름 괜찮음 #단호박 #모짜렐라치즈 #계란 #자취요리 #혼밥요리 #직장인요리 #혼밥메뉴 #에그슬럿,2
혼밥 요리,자취요리 혼밥요리 메뉴추천 어묵국 끓이기 냉동보관,후추도 넣어줌 2022년도에 만들었던 어묵국 후기 이후 ㅋㅋ 오랜만에 남겨보는 후기임 그럼 나는 이만 총총.. #자취생 #요리 #혼밥요리 #자취요리 #간편국 #어묵국 #오뎅국 #레시피,2
혼밥 요리,자취생 혼밥요리 쿠쿠 밥솥 밥짓기 냉동밥만들기 후기,ㅋㅋㅋㅋ 냉동실에 넣어놓고 이만 총총 또 냉동밥이 다 떨어지면 만들러오겠음 #냉동밥만들기 #다이소 #밀키트 #자취요리 #혼밥요리 #햇반 #밥솥 #쿠쿠 #잡곡밥 #흑미밥 #보관용기 #냉동보관 #냉동밥 #혼밥메뉴,2
혼밥 요리,자취 혼밥요리 면사랑 함흥냉면 냉면육수 냉면만들기,비빔냉면 육수를 좀더 얼렸으면 좋았을텐데 약간 아쉽 프리지아랑 같이 놓고 찍으니까 이쁘다 ㅋㅋ 계란이 잘 삶아져서 만족스러움 ㅋㅋㅋ 노른자가 포인트 #면사랑 #냉면 #함흥냉면 #자취요리 #혼밥요리,2
혼밥 요리,파스타 만들기 라면파스타 만드는 법 라면요리 간단한 혼밥 레시피,점심에 혼밥으로 먹었답니다~!! 라면파스타 만들기 레시피 간단한 혼밥요리 레시피 사리곰탕파스타... 사리곰탕 파스타 만들기 완성 라면요리 간단한 혼밥 만들기 레시피 사리곰탕으로 만드는 파스타... ,2
혼밥 요리,계란덮밥 만들기 계란요리 간단한 혼밥 레시피,크래미를 넣어서 만드셔도 좋고 식감을 좋게 하셔면 데친 오징어를 넣으셔도 좋아요 집에서 계란덮밥 만들어서 드셔보세요 #계란덮밥만들기 #계란덮밥레시피 #간단한혼밥레시피 #집에서혼밥레시피 #계란요리,2
혼밥 요리,간장대패삼겹살볶음 만들기 대패삼겹살요리 혼밥 메뉴 레시피,의도하지 않게 노른자를 두개 넣어서 비벼 먹었는데 더 맛있더라구요ㅋㅋ 집에서 맛있는 덮밥 만들어서 드셔보세요 #대패삼겹살덮밥만들기 #대패삼겹살볶음만들기 #대패삼겹살요리레시피 #혼밥메뉴레시피... ,2
혼밥 요리,간장 대패삼겹살덮밥 대패삼겹살 한그릇 요리 혼밥 메뉴... ,#대패삼겹살덮밥 #대패삼겹살요리 #혼밥 #덮밥 집에서 즐기는 가성비 혼밥 한 그릇 대패삼겹살덮밥! 요즘 외식 물가도 장난이 아닌데 집에서 간단히 만들어 제대로 한 끼 챙기면 더 뿌듯하죠. 오늘은 지난번... ,3
혼밥 요리,장어덮밥 만드는법 혼밥요리/고릴라장어,"캠핑요리로도 좋고, 혼밥요리로도 간편하고 맛있어서 좋은 장어요리!! 요즘같이 면역력 챙겨야할때 든든하고 건강하게 드셔 보세요 :) 고창 고릴라장어 보러가기 쿠팡에서 만나보기",2
혼밥 요리,사골곰탕 만두국 끓이는 법 레시피 명절 혼밥 자취생 만두요리,사골곰탕 만두국 끓이는 법 명절 혼밥 자취생 만두요리 재료 준비하기 재료 시판용 물만두 1봉지 시판용... 10분컷 혼밥요리 가능하답니다 냉동 물만두는 해동시키고 계란도 준비해주세요. 개인적으로... ,2
혼밥 요리,삼시먹끼 혼밥요리 매운 잡채 밀키트,"맵찔이 남치니가 매운맛을 궁금해할 정도였답니다 ㅎㅎㅎ 군산 매운 잡채 밀키트 원픽!! #밀키트추천, #삼시먹끼, #술안주, #혼술안주, #간편식, #밀키트, #혼밥요리, #캠핑요리, #분식, #잡채, #아이들간식",2
혼밥 요리,백종원 김치볶음밥 레시피 참치 김치볶음밥 신 김치요리 혼밥... ,백종원 김치볶음밥 레시피 참치김치볶음밥 신 김치요리 백종원 혼밥 메뉴 혼자 먹는 점심에 뭐 해드세요? 혼밥 요리는 볶음밥 종류가 최고더라고요 집집마다 신김치 남으셨죠? 맛있는 김치요리 레시피 중... ,2
혼밥 요리,홍대쭈꾸미 밀키트 캠핑 혼밥 간편 요리 오아시스마켓 추천템,홍대쭈꾸미 밀키트 캠핑 혼밥 간편 요리 오아시스마켓 추천템 캠핑 혼밥을 하거나 집에 반찬이 없는데... 간편하게 뚝딱 만들 수 있어서 캠핑요리 혼밥 요리로 홍대쭈꾸미 한상차림 추천! 깨 파슬리 솔솔 뿌리면... ,4
혼밥 요리,혼밥요리 ~~ 닭고기덮밥 만들기,김치만 있으면 냠냠 잘도 먹는 한 그릇 요리 닭고기덮밥 혼밥요리였어요. 이렇게 그릇에 담아도 되지만 처음에는 돌그릇을 데워 담아서 뭐 하나를 곁들여 내려고 했지요. 1인용 돌그릇을 이사하면서... ,2
혼밥 요리,소고기 구이 덮밥 혼밥 요리,하우매니의 혼밥 요리 소고기 덮밥이었고요. 저는 대파 큼직하게 넉넉히 썰어서 팬에 고기 굽고 나중에 대파도 구워서~ 계란 물에 콕 찍어 먹었지요. 요렇게 혼자서도 맛있는 고기 요리 혼밥 메뉴로 좋아요.,1
혼밥 요리,"햄김치볶음밥 뚝딱 혼밥요리, 아워홈 후레쉬햄",ㅋ 그래서 오늘은 혼밥요리로도 좋은 간단한 한 그릇 요리! #햄김치볶음밥 을 준비해 보았어요. 제가... #김치볶음밥 #햄요리 #혼밥 #집밥 #김치요리 #아워홈 #후레쉬햄 #캔햄 #프리미엄캔햄,2
혼밥 요리,덮밥소스 베어컨요리 초간단요리 자취생간단요리 혼밥메뉴,자취생요리로도 좋고 혼밥메뉴로도 좋은 초간단요리 베이컨덮밥이니 맛있게 만들어 드셔 보시길요 :) #베이컨덮밥 #덮밥종류 #덮밥소스 #베어컨요리 #초간단요리 #자취생간단요리 #혼밥요리 #혼밥메뉴,2
혼밥 요리,길거리 토스트 만들기 간단한 혼밥 자취 요리 계란요리,혼밥 자취 요리로 좋은 길거리 토스트 만들기 요즘은 자취하는 사람들도 많고 혼밥 하는 사람들도 많은데 주말에 간단하게 혼밥 요리나 자취 요리로 만들어 드시면 좋을 것 같아요. 요즘은 토스트도 아주... ,2
혼밥 요리,"간편 혼밥요리, 초간단 대패삼겹 덮밥 만들기~",간편 혼밥요리 초간단 대패삼겹 덮밥 만들기~ 아이들 식사로도 좋아요! https://youtu.be/TT3i8oTIiRE #혼밥요리 #한끼식사 로 간단하게 해 먹을 수 있는 대패삼겹 덮밥이에요 방학이고 맵지 않을 거라서 아이들 한... ,3
혼밥 요리,미니 새송이 버섯요리 조림 볶음간단하게 만드는 반찬 혼밥요리,미니 새송이 버섯요리 조림 볶음 간단하게 만드는 반찬 혼밥요리 재료준비하기 미니 새송이 버섯 300g 청양고추1-2개 홍고추 1개 진간장 1큰술 굴소스 1큰술 고춧가루1작은술 물엿 2큰술 참기름1큰술 통깨 1큰술... ,2
혼밥 요리,"명란 계란찜 만들기, 간단한 혼밥요리 밥이 들어가 든든한 명란... ",약간 #계란요리 #달걀요리 #계란찜만들기 #전자레인지계란찜만들기 #혼밥요리 #명란요리 #간단요리... #혼밥 으로 딱 1인분만 만들어 먹을 거라 달걀은 2개를 사용했어요. 3개를 넣어도 괜찮긴 한데 아무래도 한... ,2
혼밥 요리,치킨마요덮밥만드는법 닭가슴살요리 덮밥요리 혼밥요리,치킨마요덮밥만드는법 닭가슴살요리 덮밥요리 혼밥요리 도시락이나 삼각김밥의 인기메뉴인 치킨마요를 소개할께요. 간단한 혼밥메뉴로도 참 좋구요. 달콤짭쪼름한 간장 소스로 맛있게 조린 닭가슴살과... ,5
혼밥 요리,"김치 순두부 덮밥, 혼밥으로 딱 좋은 초간단 순두부 요리",약간 #순두부요리 #덮밥요리 #덮밥 #순두부덮밥 #김치순두부덮밥 #혼밥요리 #한그릇요리 #브런치 #간단요리 #혼밥메뉴 #순두부덮밥만드는법 #김치순두부덮밥만드는법 분량의 비빔장 재료를 모두 넣고 고루... ,2
혼밥 요리,파스타 만들기 스파게티 면 삶기 바질페스토 요리 혼밥 메뉴,"다양한 요리에 활용되지요~~ 오늘 저의 혼밥 메뉴~~ 저는 시판 바질페스토를 활용해서 만들었고요... 점심 혼밥요리~ 저는 오늘 부재료로 집에 있는 새우를 선택하였지만 바지락이나 치킨, 브로콜리, 크림 등등... ",2
혼밥 요리,토마토 소고기 파스타 만들기 혼밥 요리 토마토스파게티 면... ,"토마토 소고기 파스타 혼밥도 맛있는 면요리 글, 사진, 요리. by _배화 주말에 아이들이 다녀가면 월요일은 멍 때리는 시간도 좀 가져보고 나를 위한 음식을 만들어 먹기도 한다 그래 봤자 잔반 처리 정도 ..... ",5
주방 힐링,"콘도 호텔] 아기랑 분리수면 가능, 주방 좋고, 힐링 대욕장까지!","주방에 식탁, 싱크대, 인덕션, 냉장고, 전자렌지 등등 다 있음!! 전자렌지 불은 들어와있는데 작동이... 대욕장 목욕탕도 있는데 나는 생리기간에 걸려버려서 못가고ㅜㅜ동생만 이틀연속 방문해서 힐링타임... ",0
주방 힐링,탁 트인 주방인테리어 꽃무늬 아이방벽지 힐링 하우스,"작은 식물과 화병 하나로 계절의 기운을 담고, 생활과 디자인이 자연스럽게 공존하는 북유럽식 힐링 주방 인테리어를 선보입니다. 아이의 상상력이 자라는 꽃무늬 아이방 벽지 은은한 플로럴 패턴 아이방벽지로... ",0
주방 힐링,힐링스케치 단독형 타운하우스 이탈리아 하이엔드 주방브... ,거실 힐링스케치 타운하우스 단독주택 1층 거실 인테리어 모습입니다. KITCHEN 주방 이탈리아 하이엔드... 주방 힐링스케치 단독형 타운하우스 이탈리아 하이엔드 주방브랜드 명품 데노보쿠치네 (DENOVOCUCINE)... ,4
주방 힐링,피부와 환경을 지키는 주방세제 단체수업 아로마 힐링교실,"문자로 남겨주시면 빠르게 연락드릴게요  공방,팔월 피부와 환경을 지키는 주방세제 단체수업 아로마 힐링교실 https://blog.naver.com/par_month?Redirect=Write&amp;categoryNo=31 투명하고 깨끗한 병에 담긴 주방세제들! 화학... ",0
주방 힐링,[성북구 파티룸] 힐링테이블 &gt;&gt; 성신여대 파티룸 공유주방... ,공유주방 힐링테이블의 하이라이트! 힐링테이블 공유주방이라 불리는 이유! 요리를 해먹을 수 있는 모든 것들이 준비!! 아직 시작 안했습니다. 제가 주방 사진 찍은 것 중! 가장 맘에 들어서 먼저 넣어봤어요... ,1
주방 힐링,뽀송발에 힐링까지? 하루의공간 컴피 매트 써보니 주방이... ,"발 편한 주방, 힐링 매트 이 매트가 단순히 물기를 흡수하는 기능만을 제공하는 것은 아닙니다. 푹신한 쿠션감은 발의 피로를 덜어주는 역할도 합니다. 특히 주방에서 오랜 시간 서서 요리할 때, 발에 가해지는... ",0
주방 힐링,힐링은 집에서부터 온라인집들이 12평 아파트인테리어 주방꾸... ,"이곳은 그녀만의 집중 공간이자, 커피 한 잔을 내리는 힐링 공간. 주방을 크게 요청하지 않았던 집주인이였지만 디자이너가 문제 없다며 전적으로 디자인을 진행해 소형 식기세척기까지 들여 삶의 편의성을... ",0
주방 힐링,하남 한샘 주방리모델링｜대형 아일랜드 시공으로 완성한 힐링... ,"4&gt; 웜베이지 컬러가 만드는 힐링 주방 분위기 웜베이지 컬러는 주방 공간에서 차갑게 느껴질 수 있는 소재의 인상을 부드럽게 완화해주는 색감이었어요. 화이트보다 따뜻하고, 진한 컬러보다 부담이 적어 장시간... ",0
주방 힐링,[성북] 성신여대 파티룸 공유주방 힐링테이블 방문 솔직후기,힐링테이블 파티룸 성신여대 공유주방 안녕하세요 오늘은 #성신여대파티룸 #성신여대공유주방 #성북파티룸 #성북공유주방 #힐링테이블파티룸 #힐링테이블 #방문솔직후기 입니다. 방문일자 2024-07-02 (화) 넘... ,1
주방 힐링,[포스코힐링데이] 쉽게 직접 만들어 사용하는 친환경 주방세제... ,[포스코힐링데이] 쉽게 직접 만들어 사용하는 친환경 주방세제 (물비누) &amp; 다용도 지구비누 만들기 프로그램 안녕하세요 라이크쓰리앤 입니다 좋은 기회로 벌써 3년차 진행 하고 있는 포스코 힐링데이 입니다... ,0
주방 힐링,힐링이다. 노후된 단독 주택 리모델링 우드 인테리어 주방 창문,거실 대형 창문은 두 개의 창으로만 구성되어 외부의 숲 뷰가 더욱 깔끔하게 보여 힐링 공간이 됩니다. 주방 창문으로 시야를 열었다. 집 주변에 있는 초록 식물들과 어울리도록 우 인테리어를 진행했습니다.... ,0
주방 힐링,브릭글로 니트릴 장갑 덕분에 주방이 힐링 스팟으로 변신?,"설거지, 이 장갑으로 힐링! 주방에서 설거지는 피할 수 없는 일상이죠. 하지만 물에 젖고 미끄러운 그릇들과 씨름하며, 때로는 뜨거운 물에 손이 데기도 하는 경험은 누구에게나 익숙할 겁니다. 특히 고무장갑... ",0
주방 힐링,부케가르니 에코 주방세제로 설거지가 힐링되는 마법,"이 포스팅은 쿠팡 파트너스 활동의 일환으로 수수료를 지급받습니다 레몬향 주방세제, 설거지 힐링 주방에서 상큼한 레몬 향이 솔솔 풍긴다면 어떨까요? 오늘 소개해 드릴 제품은 바로 &quot;부케가르니 에코... ",4
주방 힐링,센터피스 꽃꽂이 힐링 주방 분위기 UP,놓아도 주방에 놓아도 어디둬도 정말 분위기가 살더라고요. 딸내미도 너무 예쁘다며 한 컷 찍어달라고 해서 인증샷도 찍어줬답니다. 시간이 된다면 꽃꽂이 자주 다니고 싶네요. 꽃 자체에서 힐링을 느끼고... ,0
주방 힐링,[유성웰니스] 힐링프로그램 천연 주방세제 만들기,3월 힐링프로그램 천연 주방세제 만들기 안녕하세요. #대전암요양 #암수술후관리 #항암방사선치료후유증 관리 유성웰니스재활병원입니다. 3월 4일 오후 2시 5층 #테레사홀 에서는 암 환자분들을 위한 힐링... ,0
주방 힐링,[다이소홀릭] 다이소 물건으로 주방 정리하며 힐링합니다.... ,맏이가 캠핑코너에서 찾아내 줬습니다. ***득템*** 이젠 어느 정도 주방이 정리되어 갑니다. 바라보고 바라보며 힐링되는 주방이 되어가니 소확행이네요. 좋습니다.,0
주방 힐링,속 작은 정원 글라스락 퓨어 릴렉스 그린으로 주방에 힐링을!,"lptag=AF9364223&amp;pageKey=4965271298&amp;traceid=V0-181-db1c2a0f75c1c604&amp;itemId=&amp;vendorItemId= 냉장고 속 힐링, 퓨어 릴렉스 그린 &quot;글라스락 퓨어 릴렉스 그린 직사각 밀폐용기&quot;, 이름만 들어도 편안함이 느껴지지 않나요? 주방은... ",0
주방 힐링,LG 디오스 오브제컬렉션 식기세척기로 주방에 힐링을,"설거지옥 탈출, 주방에 힐링을 LG 디오스 오브제컬렉션 빌트인 식기세척기는 단순히 식기를 세척하는 도구가 아닌, 주방 공간의 아름다움을 더하고 삶의 질을 향상시켜주는 프리미엄 가전입니다. 넉넉한 용량... ",0
주방 힐링,부케가르니 레몬향 주방세제 써보니 설거지가 힐링?!,"이 포스팅은 쿠팡 파트너스 활동의 일환으로 수수료를 지급받습니다 레몬향 주방세제, 설거지 힐링템? 주방일, 매일 해야 하는 일이지만 솔직히 즐겁지만은 않죠. 특히 찌든 때와 기름때 제거는 여간 힘든 일이... ",4
주방 힐링,향긋한 청귤 샤워! 살림백서 주방세제로 설거지가 힐링되는 마법,"이 포스팅은 쿠팡 파트너스 활동의 일환으로 수수료를 지급받습니다 청귤 향으로 설거지 힐링 주방 일, 매일 하는 거지만 가끔은 힐링이 필요하잖아요? 특히 설거지는 더욱 그렇죠. 그래서 오늘은 향긋한 청귤... ",0
주방 힐링,우리 집 주방을 포근한 힐링 공간으로! 하루의공간 comfy 주방... ,"발끝에서부터 전해지는 마법 같은 편안함, 이제 주방은 힐링 공간! 매트 위에 발을 디딘 순간, '아, 이래서 comfy였구나!' 하고 감탄했어요. 폭신하면서도 적당한 탄성이 발바닥을 부드럽게 감싸주는데, 설거지나... ",0
주방 힐링,고기 잡내 제거 고기 연육제 주방 힐링타운 텐더러스,"고기 잡내 제거 고기 연육제 주방 힐링타운 잡내 제거 갈변 억제 여름 보양식처럼 삼복더위 영양 보충... 돼지고기숙성, #소고기숙성, #연화제, #소고기맛있게굽는법, #고기숙성, #주방힐링타운",4
주방 힐링,살림백서 라이스 앤 허브 주방세제로 주방에 힐링을 더하다,"이 포스팅은 쿠팡 파트너스 활동의 일환으로 수수료를 지급받습니다 향긋한 설거지, 힐링을 더하다 주방 일, 매일 하는 거지만 가끔은 힐링이 필요하죠. 설거지하면서 은은한 향이 퍼진다면 어떨까요? 살림백서... ",4
주방 힐링,"뽀송발에 힐링까지? 하루의공간 규조토 매트, 주방 욕실 현관... ","주방도 뽀송, 발도 힐링! 주방 매트로서의 기능 또한 놓치지 않았습니다. 요리 중 물이나 기름이 튀는 것을 막아주어 바닥을 깨끗하게 유지하는 데 도움을 줍니다. 또한, 장시간 서서 요리할 때 발의 피로감을... ",0
주방 힐링,힐링 공간으로 탈바꿈하는 주방과 침실 인테리어 가이드,"주방, 힐링의 첫 걸음 주방은 원래 요리와 가족의 소통이 이루어지는 중요한 공간입니다. 그러나 최근에는 차분한 색감의 벽면, 우드톤의 가구, 그리고 자연채광을 극대화하는 창 배치 등으로 주방 자체가 힐링... ",0
주방 힐링,TV없는 거실인테리어 테라코타 주방아일랜드 릴렉스체어 힐링... ,TV없는 거실인테리어 흙빛 테라코타와 주방아일랜드 릴렉스체어 힐링 조합 흙빛이 감도는 테라코타는 집안에 따스한 온기를 불어넣고 여유로운 무드를 완성해 주는 매력적인 색감인데요. 특히 TV없는... ,0
주방 힐링,삭막한 주방에 힐링 한 스푼! 핸즈위빙 너구리수세미 사용 후기,"삭막한 주방에 힐링 한 스푼! 핸즈위빙 너구리수세미 사용 후기 안녕하세요! 육남매 첫째 육월입니다 설거지는 매일 해야 하는 일이지만, 솔직히 말하면 늘 즐겁지만은 않잖아요 그러다 알게 된 게 바로 귀여운... ",0
주방 힐링,게살볶음밥 탕수육 주방봉사가 없는 교회 식탁의 교제 힐링데이,내가 다니는 교회는 주방봉사 대신에 힐링데이를 자주 갖는다. 예배를 마치면 성도분들이 좋아하는 음식의 식당을 찾아 자유롭게 식사를 먹는다. 식탁의 교제를 누린다. 점심식사 값의 모든 결재는 내가 다니는... ,0
주방 힐링,포토덤프챌린지 LG 힐링키친 주방가전 추천,식기세척기랑 광파오븐 인덕션이 모두 LG전자거였는데 보니까 여행지에서 편하게 즐기라는 취지의 힐링키친 이벤트를 진행 중이셨다고 우드톤의 숙소와 주방이 이쁘다 우드톤은 약간 가전이랑 어울리지... ,0
주방 힐링,관리 세척기 필터 청소로 완벽한 주방의 힐링을 경험하다,"가정용 식기세척기 관리 세척기 필터 청소로 완벽한 주방의 힐링을 경험하다 가정용 식기세척기 관리의 중요성 가정에서 식기세척기를 사용하는 것이 점점 보편화되고 있죠. 특히, 바쁜 일상 속에서 식기 세척의... ",0
주방 힐링,[ 부평 정신건강 복지센터 힐링... 식물주방 | 원예치료 심리상담... ,식물주방 힐링가드닝 클래스 부평 정신 건강 복지센터와 함께 진행했어요 !  식물주방 가드닝 클래스... 제가 힐링을 받아가는 것 같아 늘 감사하고 뿌듯합니다 ❤️ 열정적으로 포토 타임을 가져주시는... ,0
주방 힐링,하이엔드 주방브랜드 데노보쿠치네 힐링스케치 단독형... ,주방 수입주방가구 힐링스케치 단독형 타운하우스 이탈리아 하이엔드 주방브랜드 명품 데노보쿠치네 (DENOVOCUCINE) 주방가구 입니다. 이상으로 아이케이디자인에서 진행한 수입주방가구 이탈리아 하이엔드... ,0
주방 힐링,설거지가 힐링되는 마법! 살림백서 청귤 주방세제 4개 쟁여둘 각?,"청귤 향으로 설거지 힐링! 주방세제, 단순히 설거지를 위한 도구라고 생각하지 마세요. 살림백서 주방세제처럼 향긋한 향과 뛰어난 세정력을 가진 제품은 주방을 더욱 쾌적하고 즐거운 공간으로 만들어줍니다.... ",0
주방 힐링,"상지석동 신축빌라 분양! 넓은 거실 모던 주방, 힐링 라이프 완성!!","*냉방: 시스템 에어컨 무려 4대 설치(거실 및 각 방) *주방: 비스포크 냉장고, 냉동고, 김치냉장세트... &quot;주부의 로망, 올 화이트 키친과 넉넉한 수납공간&quot; 가족의 맛있는 식사가 준비되는 주방, 그리고 집안일의... ",0
주방 힐링,감성주방용품 블로그뿌리기견적비교 힐링의 아이템,"주방이 힐링 공간으로 바뀌면, 요리하는 시간도 더 즐거워질 거예요! 주방은 더 이상 지루한 공간이 아니라, 감성주방용품을 통해 나만의 힐링 공간이 될 수 있어요. 지금 바로 시도해보세요!",0
주방 힐링,주방이 힐링 공간으로 루꼴라 바질 재배키트로 싱그러움을... ,"주방이 힐링 공간으로 &quot;이지그로우 식물 재배키트 - 2종 · 루꼴라1+바질1&quot;은 단순히 허브를 재배하는 것을 넘어, 바쁜 일상 속에서 자연과의 교감을 통해 심리적인 안정과 건강한 식습관을 함양할 수 있는 좋은... ",0
주방 힐링,"새턴리턴의 예쁜주방앞치마, 작은 변화로 주방 힐링 완성!","새턴리턴의 예쁜주방앞치마, 작은 변화로 주방 힐링 완성! 포스팅 보시는 모든 분들, 반갑습니다! 예쁜... ㅎㅎ 주방이 그냥 음식 만드는 공간이라 생각했는데, 요즘은 힐링 공간으로도 잘 쓰이고 있죠? 그런데... ",0
주방 힐링,사상 괘법동 원룸 전세 역세권 풀옵션 분리형주방 대박힐링오... ,"[ 분리형주방 ]  주방이 분리되어 있어 냄새 [차단]에 좋습니다. [ 주방 ]  주방에 창문이 있어 [환기]... 대박힐링오피스텔4 2층 거래형태 전세(임대차) 금액 보증금 7,000만원 입주 가능일 즉시 입주가능 해당... ",0
주방 힐링,2026년 내추럴 우드톤 주방 리모델링: 맞춤 수납으로 힐링 공간,#주방리모델링 #내추럴우드톤 #맞춤수납 #힐링주방 #2026인테리어 #오크주방 #월넛톤 #빌트인팬트리 #미니멀인테리어 #홈테라피 #대면형주방 #지속가능소재 #우드캐비닛 #아일랜드수납 #실제사례,0
주방 힐링,힐링되는 주방! 스테인레스 그릇정리대 블럭 멀티선반 씽크대... ,"✨ 2026년, 주방 정리 이렇게 달라집니다 2026년 기준, 우리의 주방은 단순한 요리 공간을 넘어일상의 힐링이 시작되는 곳이 되어야 합니다.스테인리스 그릇정리대 블럭 멀티선반은 이러한'힐링 주방'트렌드에... ",0
주방 힐링,힐링 부라더 미싱 주방에 두고 쓴 배치 꿀팁으로 분위기 확... ,제가 주방에 힐링 부라더 미싱을 두고 사용해 보니 배치 하나로 분위기가 확 바뀌었습니다. 조명과 동선만 조금 바꿔도 주방 전체 느낌을 손쉽게 바꿀 수 있습니다. 작은 가전 하나의 위치와 주변 조명 조합이... ,0
주방 힐링,주방에서의 힐링을 위한 간단한 DIY 가구 아이디어,"주방은 힐링의 공간이 되어, DIY 가구 아이디어를 통해 더욱 아늑하고 편안한 분위기를 조성할 수 있습니다. 이번 포스팅에서는 주방에서의 힐링을 위한 간단한 DIY 가구 아이디어를 소개하겠습니다. 주방은... ",0
주방 힐링,힐링가구 바인 조립식 DIY 간편 설치 주방 싱크대,그동안 욕심만 있었던 차분한 분위기의 주방이 ‘힐링가구 바인 조립식 DIY 간편 설치 주방 싱크대’ 덕분에 꿈꾸던 대로 변신한 것이죠. 정말로 이 주방을 더욱 사랑하게 됐습니다 하지만 모든 제품이 그렇듯... ,0
주방 힐링,바다새 펜션 영덕 강구면에서 만난 24평 넓은 주방의 힐링... ,안녕 여러분 이번 주말엔 완전 뜻밖의 곳에서 진짜 힐링을 하고 왔어요. 바로 영덕 강구면에 숨겨져... 대한민국 영덕 강구면 바다새 펜션 직접 요리하고 싶어지는 완벽한 주방 설비의 놀라움 제일 반했던 건... ,0
주방 힐링,전자레인지 청소 팁: 내 손안의 주방 힐링,"주방에서 없어서는 안 될 가전이지만, 그만큼 오염과 냄새가 발생하기 쉬운 곳이기도 해요. 가정에서 가장 자주 사용하는 전자레인지는 우리가 오랜 시간 동안 친구처럼 함께해온 가전제품 중 하나입니다. 음식... ",0
주방 힐링,힐링포뮬라 주방 소화가 달라진 현장 팁과 체험,바꿨습니다 주방에서 바로 섭취하며 일상 변화가 나타났습니다. 제가 직접 2주간 사용해본 체험을... 아래 링크 참고 제품 기본 정보와 구성 상품 이름은 힐링포뮬라 대용량 카뮤트효소 100회분 골드 카무드... ,1
주방 힐링,새턴리턴 예쁜주방앞치마로 주방 힐링 완성해보세요,"새턴리턴 예쁜주방앞치마로 주방 힐링 완성해보세요 솔직히 말하자면, 최근에 앞치마를 하나 샀어요.... 주방에서의 시간이 작업이 아니라 힐링이 되는 순간도 많아졌어요. 새턴리턴 앞치마 덕분인지 주방이 더... ",0
주방 힐링,주방 냄새 제거 팁 식초 활용과... 찾은 우리의 작은 힐링 순간,"마무리하며, 주방의 힐링 순간 찾기 주방에서 나는 악취 문제를 해결하기 위해 식초와 베이킹소다를 활용해 본 경험은 제게 정말 큰 도움이 되었어요. 간단하면서도 효과적인 이 두 가지 방법 덕분에, 주방이... ",0
주방 힐링,소형 전원주택인테리어 원목 대면형주방 힐링되는 집,가장 중요한 경제적인 비용으로 소형 주택을 보는 시선만큼 작은 집 소형 전원주택의 매력적인 원목 인테리어에 힐링되고 말거에요^^ 소형 전원주택 대면형주방 레이아웃 두 개의 침실과 오픈형 거실 주방은... ,0
주방 힐링,주방 미세먼지 제거 환기 팁... 느끼는 청정한 공기 속의 힐링,"주방 미세먼지 제거 환기 팁, 공기청정기로 느끼는 청정한 공기 속의 힐링 주방 미세먼지, 왜 중요할까? 주방은 음식 조리와 관련된 다양한 활동이 이루어지는 공간으로, 그만큼 미세먼지와 유해물질이 발생할... ",0
주방 힐링,"식당청소업체 주방후드덕트식당청소전문 동대문, 힐링 주방... ","식당청소업체 주방후드덕트식당청소전문 동대문, 힐링 주방 비결 공개! 소정의 도움을 받아 작성된 후기입니다. 안녕하세요~ 좋은 하루 보내세요! 요즘 소확행을 찾기 위해 다양한 서비스를 경험하고 있는데요... ",0
주방 힐링,차트리어 그린화이트 조합으로 나만의 힐링 주방 만들기,"그린화이트 조합으로 꾸민 주방은 여러분에게 힐링 공간으로 자리 잡게 될 것입니다. 이곳에서 가족들과 즐거운 시간을 보내며, 일상의 스트레스를 날려버리는 경험을 해보세요! #힐링주방 #차트리어 #그린화이트",0
주방 힐링,나만의 주방 힐링 ZONE! 만들기 &quot; #주방장식장 공간 맞춤... ,맞춤 주방리모델링을 진행하였습니다. 중간 오픈된 곳에 화분을 두신다고하여 '나만의 주방 힐링존' 이라고 표현해봤습니다. 힐링존은 오크페트를 사용하여 포인트 있게 작업 진행하였습니다 :) 중간을... ,0
주방 힐링,식당주방청소의 힐링: 주방후드덕트식당청소전문 파주에서... ,"식당주방청소의 힐링: 주방후드덕트식당청소전문 파주에서 찾은 소확행! 본 콘텐츠는 소정의 협찬을 통해 작성되었습니다. 다들 요즘 스트레스 많으시죵?^^ 저도 요즘 일상에서 작은 행복, 소위 '소확행'을... ",0
주방 힐링,핫레스토랑 쿠폰 4월쿠폰 달콤하고 따뜻한 힐링 주방으로... ,따사로운 햇살이 주방 창가로 살며시 비치는 기분 좋은 오후예요. 여러분의 영원한 힐링 메이트 몽실냥이 다시 돌아왔습니다!  요즘 다들 바쁜 일상 속에서 잠시 쉬어갈 틈이 필요하지 않으신가요? 오늘은... ,0
주방 힐링,시트지 셀프 시공과 스마트 디밍 조명으로 완성한 힐링 주방... ,"거실 조명 후기에 이어 오늘은 저희 집에서 가장 큰 변화를 겪은 '주방 셀프 인테리어' 이야기를 들고 왔습니다. 낡은 주방을 보며 한숨 쉬던 날은 안녕! 시트지 작업부터 스마트 조명 세팅까지, 제 손길이... ",0
주방 힐링,"펜션 놀구름 후기, 오션뷰 테라스와 완벽한 주방시설로 힐링 완성","제주 독채 펜션 놀구름 후기, 오션뷰 테라스와 완벽한 주방시설로 힐링 완성 지난달 친구들과 떠난 여행에서 진심으로 편안한 휴식을 경험할 수 있었어요. 놀구름에서의 며칠은 정말 특별했는데, 찐으로... ",0
주방 힐링,"힐링되는 공간, &quot;주방&quot;","가족들이 함께하는 공간, 가족들과 대화를 나누는 공간 중 하나인 주방, 힐링 되는 공간이 주방이 되어가는 요즘 시대, 다양한 주방 공간에 대해 알아봤어요. 각 각의 주방이 왜 힐링이 되는지, 왜 가족들과... ",0
주방 힐링,취해 기름때 순삭! 탐사 라임 주방세제 4L 써보니 설거지가 힐링?,"기름때 순삭, 설거지 힐링 주방세제에서 가장 중요한 것은 역시 세정력이겠죠. 탐사 라임 주방세제는 기름때 제거에 탁월한 효과를 보여줍니다. 특히 눌어붙은 음식물이나 끈적이는 기름때도 쉽게 제거할 수... ",0
주방 힐링,주방에 두는 순간 힐링이 되는 너구리수세미 사용 후기,주방에 작은 힐링 포인트 하나 들인 기분이었어요. 구성소개 구성은 핸드메이드로 제작된 너구리수세미 2개 세트예요. 하나하나 손으로 뜬 느낌이 살아 있어서 실 결이 정돈되어 있고 마감도 깔끔했어요.... ,0
주방 힐링,오렌지 향긋! 프릴 베이킹소다 주방세제 쓰고 설거지 힐링?,"이 포스팅은 쿠팡 파트너스 활동의 일환으로 수수료를 지급받습니다 오렌지 향 설거지 힐링 주방 일, 특히 설거지는 매일 마주해야 하는 숙제와 같습니다. 기름때와 음식 찌꺼기로 가득한 그릇들을 보면... ",0
주방 힐링,새턴리턴 예쁜주방앞치마로 주방을 힐링 공간으로 만들어보세요!,새턴리턴 예쁜주방앞치마로 주방을 힐링 공간으로 만들어보세요! 하루 잘 보내고 계신가요? 얼마 전 인터넷으로 주방 앞치마를 찾아보다가 새턴리턴이라는 곳에서 예쁜주방앞치마를 발견했어요. 평소 요리하는... ,0
주방 힐링,주방에서 힐링하는 비결: DIY로 만드는 평온한 공간,"주방을 힐링 공간으로 만들기 위해서는 소품의 역할이 중요합니다. 식탁 위에 작은 꽃병을 놓아 계절에 맞는 꽃을 꽂아두면, 자연의 싱그러움을 주방으로 가져올 수 있습니다. 또 다른 방법으로는, 주방에... ",0
주방 힐링,맛있는 음식과 함께하는 힐링 주방 인테리어 아이디어의 세계,맛있는 음식과 함께하는 힐링 주방 인테리어 아이디어의 세계 맛있는 음식과 함께하는 힐링 주방 인테리어 아이디어의 세계에 대한 내용으로 포스팅을 적어 보겠습니다. 하단에 맛있는 음식과 함께하는 힐링... ,0
주방 힐링,태안 고남면 지중해아침펜션 - 주방이 완벽한 힐링 공간,이렇게 시작된 저의 힐링 여행이 정말 기대되었어요. 대한민국 태안 고남면 태안 아늑하고 편안한... 이 가격 정말 맞아요  대한민국 태안 고남면 태안 주방의 매력 나만의 요리 시간 이곳의 가장 큰 매력 중... ,0
주방 힐링,DIY 마스터가 알려주는 힐링 주방 꾸미기 비법,DIY 마스터가 알려주는 힐링 주방 꾸미기 비법 오늘 이 시간에는 DIY 마스터가 알려주는 힐링 주방 꾸미기 비법을 모아보았습니다. 아랫 부분에 잘 적어 놓은 DIY 마스터가 알려주는 힐링 주방 꾸미기 비법 반드시... ,0
주방 힐링,주방에서 느끼는 힐링의 풍요로움,"주방에서의 힐링은 우리의 일상에 작은 변화를 가져다줄 수 있습니다. 주방 인테리어, 요리의 즐거움, 소소한 힐링 시간, 그리고 특별한 순간들을 통해, 우리는 삶의 질을 높일 수 있습니다. 주방이 단순히 음식을... ",0
주방 힐링,싱크대diy 힐링가구 바인 조립식 DIY 간편 설치 주방 싱크대... ,"지금 바로 클릭해서 나만의 감성 주방을 완성하세요. 1.힐링가구 바인 조립식 DIY 간편 설치 주방 싱크대 상부장 하부장 ￦ 5,500원 별점 : ⭐⭐⭐⭐⭐ 1. 힐링가구 바인 조립식 DIY 간편 설치 주방 싱크대... ",5
주방 힐링,"5L, CES-200K, 바쁜 일상 속, 당신의 주방을 건강한 힐링 공간으로!","엔유씨 스마트 황토 슬로우쿠커 5L, CES-200K 주방용품 빠른배송 엔유씨 스마트 황토 슬로우쿠커 5L, CES-200K, 바쁜 일상 속, 당신의 주방을 건강한 힐링 공간으로! 느긋하게 완성되는 맛있는 건강 요리 매일 반복되는... ",0
주방 힐링,맛있는 요리와 함께하는 힐링 주방 인테리어 아이디어,맛있는 요리와 함께하는 힐링 주방 인테리어 아이디어 맛있는 요리와 함께하는 힐링 주방 인테리어 아이디어에 관한 중요한 정보에 대해 말씀드리겠습니다. 맛있는 요리와 함께하는 힐링 주방 인테리어... ,0
주방 힐링,요리의 즐거움을 더해주는 힐링 주방 인테리어,요리의 즐거움을 더해주는 힐링 주방 인테리어 요리의 즐거움을 더해주는 힐링 주방 인테리어 글을 정리했습니다 하단에 요리의 즐거움을 더해주는 힐링 주방 인테리어 정리했으니 잘 보셨으면 합니다 요리의... ,0
주방 힐링,주방에서 소확행 찾기 요리하며 힐링하는 법,"주방에서 소확행을 찾아 힐링하는 과정은 우리 삶에 깊은 의미를 부여해준다. 요리를 통해 우리는 자신을 발견하고, 소중한 사람들과의 소중한 시간을 만들어나간다. 주방에서의 소확행을 느끼며, 우리는 더... ",0
주방 힐링,성신여대  파티룸 힐링테이블 공유주방에서 생일파티,"성신여대 공유주방 힐링테이블 white a blog by [이음] 소중한 사람들과 오롯이 즐길 수 있는 곳 성신여대... 없는 힐링 테이블의 주방이다. 플레이팅을 이쁘게 하고 싶을 때, 여러 가지 스타일의 접시들로 활용해 볼... ",1
주방 힐링,에넥스 주방 힐링 공간 제작 에넥스 동수원점 후기!,com/o/sfqCBhzd &quot; 에넥스 주방 힐링 공간 제작 에넥스 동수원점 후기! &quot; 바쁜 일상 속 힐링 주방 공간을 완성했습니다. ^^ 이번 평택 다세대 빌라에 시공된 주방은 키큰장과 아일랜드를 더한 ㄷ자 구조로... ,0
주방 힐링,[힐링테이블] 성신여대 파티룸 프라이빗한 서울 공유주방... ,ㅎㅎ 오늘은 친구들과 생일파티를 위해 성신여대 파티룸 을 찾아보다가 우연히 발견한 힐링테이블... 공유주방 힐링테이블에는 각종 소스들도 엄청 많이 있어요. 주방 옆에 있는 문을 열고 나가면 뒷마당도... ,1
주방 힐링,행복한 주방정리! 힐링을 채워 드립니다^^*,"행복한 주방정리! 힐링을 채워 드립니다^^* 요즘 주방정리, 옷장 정리를 많이 의뢰를 해주십니다. 누구나 그렇듯이 깨끗하고 예쁜 집을 원하죠! 요즘엔 세상이 좋아져서 각분야의 전문가들이 활동하기 때문에... ",0
주방 힐링,성신여대공유주방 힐링테이블에서  프라이빗하고 특별한 요리... ,"공유주방 한번 해보니까 이제 마스터 완료! :) 한번 해봤으니까~ 다음엔 안할수도 ?! 라는 생각이 안들고 두번 더 하고, 세번 더 오고 싶은 곳 ! 성신여대공유주방 힐링테이블 다녀왔습니다 ~! 힐링테이블 서울... ",1
주방 힐링,[성신여대 파티룸] 성신여대 공유주방 파티룸 : 힐링테이블,"성북구파티룸 힐링테이블 공유주방 의 꽃 ! 주방은 말모말모 정말 다양한 조리기구와 그릇, 컵들이... 밖에 요리할려고 하면 이런 것들 다 구매해야하잖아요 ㅠㅠ BUT, 성북구 공유주방 힐링테이블은 '공유주방... ",1
주방 힐링,"성북구 파티룸/성신여대 공유주방 힐링테이블, 밀푀유나베와... ",성신여대 공유주방 힐링테이블은 2구 인덕션과 다양한 향신료와 기구들이 구비되어 있는데 개수대도... 아까 찍을걸ㅠㅠ 파티룸도 공유주방도 처음이었는데 사장님께서 미리 안내를 잘 해주셔서 즐겁게 놀다... ,1
주방 힐링,‘성신여대공유주방 성신여대파티룸 힐링테이블’ 에서... ,"크리스마스 기념 쿠키 굽굽~ 하러 성신여대공유주방, 성신여대파티룸 힐링테이블 다녀왔어욤. 성신여대 공유주방 힐링테이블은 성북구 동선동 3가에 위치해 있는데요, 성신여대입구역 1번출구에서 도보... ",1
주방 힐링,롬버스 양념통선반 예뻐서 힐링되는 주방선반 정리대,때 사용하시는 대부분의 기본양념은 한번에 정리가 되실 거에요. 넉넉해요! 저는 이렇게 걸어두고 사용하다가 나중에 지겨워지면 바닥에 내려놓고 높이제한없이 사용해보려고요! 예쁜 주방 만드시고 힐링하세요❤,0
주방 힐링,분리형원룸의 주방 힐링인테리어,"분리형원룸의 주방 힐링 인테리어 소개할께요^^ 작업공간이 필요해 책상용도지만, 분리형원룸 공간에 비해 상대적으로 넓은 주방공간에 어울리는 예쁜 멀바우 바테이블을 들여놓았어요. 힐링 홈카페스럽죠?... ",0
주방 힐링,힐링인테리어: 옥탑방원룸 주방,옥탑방 캔디님네 원룸홈바의 주방 모습이에요. 누렁누렁한 벽지와 싱크대가 아주 친근하지요?ㅋㅋㅋㅋ... 원룸 주방 힐링인테리어하기. 전략은 청소다!!! 그리고 약간의 힐링 포인트만 주기로~ 요 식물들은... ,0
주방 힐링,[23평 작은 집] 주방을 정리하면서 힐링,설날 연휴 동안 주방 정리하면서 힐링을 했습니다. 원래 쉴 때 정리 정돈하면서 힐링하는 정리쟁이입니다. 냉장고 망가지면 비스포크 키친 핏 사려고 대기 중인데 망가지지도 않네요. ㅎㅎㅎ 설날 음식... ,0
주방 힐링,분위기좋은 성신여대 파티룸 &amp; 공유주방 : 힐링 테이블... ,연차를 낸 친구와 함께 성신여대 프라이빗 파티룸&amp;공유주방 힐링테이블에 가기로 했어요! 뭐 만들어... 성신힐링테이블 #성신여대공유주방 #성신여대장소대여 #성북장소대여 #성북파티룸 #성북공유주방... ,1
주방 힐링,서울 공유주방 추천 성신여대 힐링테이블 파티룸  내돈내산... ,"서울에서 갈 만한 공유주방을 찾다 발견한 성신여대 힐링테이블 파티룸! 누군가에게 도움이 되길... 공유 주방 힐링테이블 파티룸은 네이버 예약으로 원하는 날짜 확인 후 예약을 하면, 우선 예약이 접수된다... ",1
주방 힐링,[별내동공유주방] 요리도하고게임도하고 힐링했던파티룸... ,예뻤던 힐링공간을 발견해서 지난주말에 다녀왔어요 최근에 다녀온 곳은 바로 별내동공유주방 인데요!... 별내동공유주방 힐링공간은 바로 홈카페 공간이었어요:) 이 공간도 너무너무 마음에 딱 들었답니다! 제... ,0
주방 힐링,영화 속 주방 엿보기 - 요리 힐링 영화 줄리 앤 줄리아... ,손색없는 주방 인테리어의 클래식이다. 위의 두 영화 모두 좋아하지만 역시 나의 최애 힐링 영화는 리틀 포레스트 계절에 자연스레 얻을 수 있는 식재료로 제철 음식을 한다. 스파게티 같은 것도 해 먹지만... ,0
주방 힐링,힐링 주방꾸미기~,힐링 주방꾸미기~ 오늘은 지극히 개인적인 느낌의 포스팅이 될 것 같습니다. 언제 보아도 힐링이 되는 사진들이 있는데 특히 저에게는 이러한 아기자기한 주방 사진도 그것들 중 하나에요 보고 있으면 기분이... ,0
주방 힐링,"핸드폰 거치대 침대, 책상, 주방까지 힐링쉴드 멀티 360으로... ",힐링쉴드 휴대폰 홀더 접이식 스탠드 멀티 360이에요. 핸드폰 거치대는 운전을 하며 내비게이션을 보기 위한 차량용만 있는 것은 아닙니다. 주방에서 요리를 하며 레시피를 확인을 하기 위해서나 침대에 누워... ,0
주방 힐링,"예쁜 청첩장과 함께한 맛집 모임 - 마녀주방 강남점, 힐링포션... ",오! 여긴 정말 컨셉에 맞게 곳곳을 잘 꾸며 놓았다. 나가면서 본 해골과 관 #강남 #맛집 #마녀주방 #핫플레이스 #모임 #인테리어 #메뉴 #가격 #힐링포션 #눈꽃치즈파스타 #새우로제리조또 #불고기필라프,0
주방 힐링,북유럽풍 PVC 주방매트로 보기만해도 힐링되는 주방(아보카도... ,북유럽풍 PVC 주방매트로 보기만해도 힐링되는 주방(아보카도 매트) 안녕하세요 상실이집사 리나예요~ 미니멀리즘을 꿈꾸지만 필요한건 들여야쥬? 이번엔 소개할 제품은 주방매트~!!! 하군은 주방매트가 왜... ,0
주방 힐링,성북구 파티룸 힐링테이블 / 성신여대 공유주방에서 데이트하기,진짜 공유주방 오면 행복해요 ㅎㅎ 라면은 힐링테이블 앞에 씨유에서 사와서 가지고 온 파채 넣어서 끓여먹은거에요!! 진짜 친구랑 너무 재미있게 놀고 온 성신여대공유주방 힐링테이블 ♡ 다음번에 한번 더... ,1
주방 힐링,마포구 연남동 빌라 자랑하고 싶은 주방 힐링 욕실... ,따뜻한 힐링 공간이 되었어요. 휴장판 4.5T 노블베이직화이트를 시공했어요. 다른 장판보다 두께가 도톰한 만큼 보행에 무리가 없고 편안해 어인 영유아 및 어르신 거주 공간에 안전하고 유용해요. 주방... ,0
주방 힐링,"바람커피 3가지 드립백, 주방이 향기로운 힐링공간으로!",한모금 마시는 순간 우리집 주방은 어느새 따뜻하고 자유로운 바람커피로 바뀐다. 올해 초 연남동... 커피 한잔으로 맞이하는 힐링 타임. 그 의미와 표현에 가장 잘 어울리는 바람커피 드립백은 애호가인 동생을... ,0
주방 힐링,작은 주방 인테리어 작지만 힐링공간 그린 홈 카페,작은 주방 인테리어 좁으면 좁은 대로 ~ 작지만 힐링공간 오늘은 주방에서 키우는 반려 식물 물 주고 그릇도 정리했습니다. 서랍도 정리하고 양념도 채워 넣고 수요일 삼겹살 먹고 싶다고 하니 동네 마트에서... ,0
주방 힐링,새로운 힐링하우스 ♩ - 주방편,새로운 힐링하우스 ♩ - 주방편 - 내가 요리 혹은 주방에 관심이 많은 사람이면 참 볼 거 많은 주방이 될텐데 안타깝게도 요리엔 그닥 관심이 없는지라.... 근데 이상하게 자꾸 그릇은 사고 싶어. 뭐지?... ,0
주방 힐링,세이버투플러스 음식물 처리기 컨설팅사업 / 주방힐링센터,주방힐링센터는 외식사업을 하시는 식당 경영주님들에게 시대적인 환경으로 인해 최첨단... 주방문화 힐링과 컨설팅을 통하여 외식사업에 도움이 되고 행복한 주방문화를 형성한다면 경제적으로 성장을... ,0
주방 힐링,성신여대역 장소대여 파티룸&amp;공유주방 &lt;힐링테이블... ,성신여대역 근처에 바로 그런 공간이 있다고 하여 이번 모임은 힐링테이블에서 했습니다!!! 공간도... 주방에 싱크대가 2곳에 있어요~! 설거지도 두곳에서 나눠 하기 좋았습니다. 냉장고 공간도 정말... ,0
주방 힐링,초음파식기세척기로 식자제를 세척하면? 주방힐링센터,족발의 특유의 냄새가 사라집니다. 초음파식기세척기 설치를 원하시거나 관심있는 분들은 전화 상담 환영합니다. 010-****-**** 자세한 정보를 보시려면 네이버에서 {주방힐링센터} 검색해보세요.,0
건강 요리,집요리 초간단 선유가 레시피 건강요리 비트김치와 텃밭 재배... ,"오글 - 오늘의 글감 : 집요리 두 종류 김치의 선유가 초간단 레시피, 건강요리 비트김치와 텃밭 재배 무청김치 이번 선유가 집요리 두 종류의 김치 레시피는 가족 건강을 생각하여 만든 비트김치와 도시농부... ",2
건강 요리,무사과전 만들기 맛없는 사과로 만드는 건강요리,"건강한 간식, 술안주가 됩니다. 무와 사과가 들어갔으니 소화도 잘됩니다. #무사과전 #무사과전만들기 #무사과전레시피 #무와사과 #건강요리 #다이어트요리 #아이들간식 #술안주",1
건강 요리,우엉잎으로 만드는 건강 요리 비법 소개,우엉잎으로 만드는 건강 요리 비법 소개 안녕하세요! 오늘은 우리가 흔히 뿌리채소로만 알고 있던... 건강을 담은 요리 레시피 세 가지 1.향긋한 나물 데친 잎은 한국인의 밥상에 빠질 수 없는 나물 반찬으로... ,3
건강 요리,젊음을 되돌리는 5가지 식습관과 건강 요리 레시피,"이번 글에서는, 세포 속부터 젊어지는 5가지 식습관과 누구나 쉽게 따라 할 수 있는 건강 요리 레시피를... 에너지회복식단 #식물성단백질 #동안요리 #건강식습관 #면역력강화음식 #젊어지는음식 #동안유지비결",1
건강 요리,세라믹 후라이팬 추천해요 휘슬러 세라탈 컴포트 건강요리... ,"있어 요리 퀄리티가 업그레이드되는 건강한 팬이라 할수 있어요 건강요리 프라이팬 “휘슬러 세라탈 컴포트” 세라믹 후라이팬을 추천하는 이유는? 첫 번째, 모든 열원에서 사용이 가능해 가스레인지, 인덕션... ",3
건강 요리,여름철 건강요리 오이지 담그는법 냉국 만들기,다양한 요리에 활용할 수 있는데요~ 저는 오이냉국으로도 먹고 있어요~ 땀을 많이 흘리는 여름철 수분과 염분을 보충하기에 좋은 건강요리랍니다~ 오이지 냉국 만들기 오이지를 썰어 두고 한번 먹을 양만큼만... ,3
건강 요리,집밥 저녁메뉴추천 쭈꾸미볶음 건강요리 단백질식단 가정식반찬,"오늘은 집밥 #저녁메뉴추천 쭈꾸미볶음 건강요리 단백질식단 건강밥상 가정식반찬 을 소개할께요.... #쭈꾸미요리 쭈꾸미볶음 쭈꾸미볶음재료 쭈꾸미 450g , 대파 반대, 양파 반개, 당근 한토막, 청양고추 1개... ",1
건강 요리,연잎밥 간편식 마을담아 관음포 연잎밥 건강요리,어른들 건강식으로도 좋고 아기 이유식이나 캠핑 요리로도 손색없을 거 같은 건강요리 간편식 마을담아 관음포 연잎밥 냉동실 가득 쟁여두기 너무 괜찮을 거 같죠 다 드신 후 연잎은 깨끗하게 씻어서 말린 뒤에... ,5
건강 요리,걱정없는 노밀가루 참치 두부 김치전 만들기 다이어트전 건강요리,다이어트요리 #다이어트레시피 #다이어트음식 #저탄수다이어트 #저탄수식단 #건강식 #건강식단 #건강요리 #건강레시피 #건강음식 #건강식품 #영양식 #영양식품 #영양요리 #영양레시피 #영양음식 #영양식품,2
건강 요리,제철생선활용요리 삼치강정 철산건강생활지원센터건강요리,요리수업문의 공공기관요리수업문의 황정애건강요리연구소 010 **** **** #저속노화밥상 #철산건강생활지원센터 #보건소요리수업 #만성질환예방요리 #시니어요리수업 #소화잘돼는메뉴 #황정애건강요리연구소,3
건강 요리,토마토 계란 볶음 만들기 토달볶 다이어트 건강 요리 레시피,"마침 집에 방울토마토가 좀 있어서 다이어트 요리, 건강 요리로 유명한 '토마토 계란 볶음'을 해먹기로 했다. 이른바 '토달볶'이라고 불리기도 하지! 만들기 무척 간단한데 맛은 아주 고급스러운 요리다.... ",2
건강 요리,"가족건강요리교실 3회차 임신 , 출산부 고단백식 요리 수강... ","가족건강 요리교실 다녀온 후기를 남겨볼게요! 구리시 통합 예약 포털로 선착순 접수 저는 구리시... 고단백식 요리 (닭가슴살야채볶음 , 햄버거스테이크 , 북어 미역귀 영양죽) 으로 하고 왔고 수강료 X... ",5
건강 요리,울산 북구보건소와 하는 3저 건강요리교실 후기,"간단하면서 건강하고 맛있게 배우고 다같이 요리하니 더 재밌었었어요 건강요리수업을 배우고 음식을 만들때 최대한 저염, 저당, 저칼로리 생각하면서 요리를 하게되었답니다 내가 먹지만 우리 가족이 먹는... ",5
건강 요리,무료강의 청도군 건강요리교실 교육생 모집,"맛있고 건강한 요리로 하루를 풍성하게! 함께 배우고, 나누고, 즐기는 청도군 건강요리교실 무료강의 에서 건강한 식탁을 만들어보세요♂️ 건강한 식탁이 시작되는 곳, 청도 건강요리교실에 지금... ",5
건강 요리,2025년 엄마손 영양교실 자연스토리에서 함께한 건강 요리교실,"만한 건강한 한 끼를 만들었어요. 야채와 버섯을 썰며 서로 이야기를 나누며 건강 요리교실 안은 금세... 해남 엄마손 영양교실은 단순한 요리 수업이 아니라, 가족의 건강한 미래를 함께 준비하는 특별한... ",3
건강 요리,건강요리연구가 박연경의 한우 특도가니탕 공영쇼핑250105... ,"여전한 미모와 더욱 활력 넘치시는 건강을 기원합니다~☆^^☆ 올해 1월1일 신정엔 떡국을 끓이면서 베이스로 #건강요리연구가 &quot;#박연경의한우특도가니탕&quot; 을 사용했는데요.. 우선, 냉동이아닌 #실온보관... ",5
건강 요리,여름철 간단한 오이 요리 추천-중년건강요리,초간단 여름철 오이 요리 3 - LIFE | 코스모폴리탄 코리아 (COSMOPOLITAN KOREA) 어떼요? 오이요리 모양도... 선발대회에 도전하세요! 문의 02-592-8988 http://www.mizsilverkorea.com/ 건강요리-미즈실버코리아,3
건강 요리,"5개교 청소년 대상 건강디저트, 건강요리수업을 앞두고 있습니다.","다만, 사전 강의계획안 제출시 저는 달콤베이커리 와 건강밥상 건강요리 수업 모두 동물성 식재료를 사용하지 않는 요리로 기획을 했는데요 수업의 포커스가 비건요리수업이 아니라 '부천시 관내 특수학급... ",3
건강 요리,향긋한 펜넬 활용한 다채로운 건강 요리 레시피,"향긋한 펜넬 활용한 다채로운 건강 요리 레시피 향긋한 향과 독특한 식감으로 미식가들의 사랑을 받는... 다양한 방식으로 요리하여 식탁을 풍성하게 만들고, 건강까지 챙겨보세요. 이 매력적인 채소는 여러분의... ",3
건강 요리,"제철 농산물의 진수, 당근탕 맛과 영양이 가득한 건강 요리 비법","가득한 건강 요리 비법 한국의 농산물 중에서도 대표적인 건강 식재료로 손꼽히는 당근은 단맛과... 이번에는 당근탕의 다양한 특징, 맛, 영양성분, 요리법, 제철 정보, 그리고 올바른 보관방법에 대해 자세히... ",0
건강 요리,호박스프 만들기｜단호박스프 레시피로 완성하는 가을 건강요리,간식이나 건강식으로도 손색없습니다. 따뜻한 한 그릇의 호박스프로 집에서도 카페 같은 분위기를 내보세요. #호박스프 #호박요리 #단호박요리 #단호박스프 #브런치메뉴 #아이간식 #가을음식 #건강요리... ,2
건강 요리,정말 맛있는 다이어트 전자레인지 미역 계란말이 만들기 건강요리,저탄수다이어트 #저탄수식단 #건강계란말이 #건강식 #건강반찬 #건강식단 #건강요리 #건강레시피 #건강음식 #건강식품 #영양계란말이 #영양식 #영양식단 #영양반찬 #영양요리 #영양레시피 #영양음식 #영양식품,2
건강 요리,황정애건강요리연구소 #한식대가 #한식교강사 #건강요리,또 가고싶어요~~ 대한민국한식포럼 대한민국한식대가 화이팅입니다~ #두리두리영농조합 #대한민국한식포럼 #장협의체워크샵 #한국장맛보기 #황정애건강요리연구소 #한식대가 #한식교강사 #건강요리,1
건강 요리,차지키소스 만들기 그릭요거트 오이 건강 요리 레시피,건강에 좋은 그릭요거트가 소스의 주재료이고 첨가되는 다른 양념들도 몸에 부담이 되는 무거운 것은 없으니~ 다이어트나 건강 요리로도 손색이 없지! 그리스에서는 이 소스와 각조 야채를 함께 먹는다고... ,5
건강 요리,돼지고기 건강 요리 5가지 레시피,"돼지고기를 활용한 당뇨식 5가지를 알려드리겠습니다. 당뇨 환자분들은 저지방 부위를 선택하고, 조리 방법을 신경 쓰는 것이 중요합니다. 돼지고기 당뇨식 5가지 1. 돼지고기 안심 구이 + 채소 샐러드 부위... ",1
건강 요리,동릉초 활용한 건강 요리 레시피 소개,"활용한 건강 요리 레시피를 소개해드리려 합니다. 이 채소는 아직 많은 분들에게 생소할 수 있지만, 특유의 향긋한 풍미와 아삭한 식감으로 다양한 요리에 활용하기 좋은 매력적인 식재료입니다. 또한... ",5
건강 요리,아침식사메뉴로 먹기 좋은 건강요리 부추계란볶음,"아침식사메뉴로 먹기 좋은 건강요리 부추계란볶음 안녕하세요. 안녕레시피 입니다. 바쁜 일상 속, 간단하고 맛있게 먹을 수 있는 요리를 기록하고 있어요~ 주말 아침이면 냉장고가 텅 비어 있고는 해요.... ",5
건강 요리,건강요리교실/육전,건강요리교실 올 한해 동안 진행되는 수업입니다 매시간 3가지 메뉴를 만들고 있어요 요번에는 육전. 닭가슴살스틱. 황태포조림. 첫번째 육전 밑간하고 밀가루 묻혀 계란물로 지져줍니다 고추를 넣어 영양... ,3
건강 요리,간편식 건강요리 연잎밥 즐기기 마을담아... ,간편하지만 든든하게 챙길 수 있는 건강요리 찾는다면 찌고 데우기만하면 되는... 지금은 #건강요리 들로 챙기려고 노력 중이에요! 그래서 찾게 된 #간편식건강요리 가 바로 #마을담아 #관음포연잎밥 이랍니다... ,5
건강 요리,비트 루트 건강 요리 팁이 궁금하다면!,비트 루트 건강 요리 팁이 궁금하다면! 비트 루트는 그 독특한 색깔과 맛 덕분에 많은 사람들에게... 존재로 자리잡고 있습니다. 비트 루트 구매를 통해 건강한 요리를 시도해 보는 것도 좋은 선택이 될 것입니다.,5
건강 요리,전문점 우삼겹포케 건강요리 포장포케 남의밥 유자포케소스,건강식으로 가볍게 먹고 싶을때 먹기 좋겠구요. 도시락으로 만들어 소스따로 담아 만들어도 좋은... 포케유자소스 #건강요리포케 #포케전문점 비빔밥과 느낌이 비슷한 요리구요. 우삼겹포케로 야채와 곡물... ,5
건강 요리,"메주, 도토리메주.상실장,발효양념 기본,간장.된장,건강요리수업","발효문화아카데미 정다미 자연요리 연구소 잘 띄운 도토리 메주로 상실장을 담았다 도토리로 만든... 알고 먹으면 좋은 정다미 자연요리 연구소 음식의 가장 기본 천연양념인 간장, 된장, 막장, 쌈장 등 음식을... ",4
건강 요리,백목이버섯으로 만드는 간편한 건강 요리 비법,"백목이버섯으로 만드는 간편한 건강 요리 비법 안녕하세요! 오늘은 건강한 식탁을 위한 특별한 재료, 백목이버섯을 활용한 간편하고 맛있는 요리 비법을 소개해드리려고 합니다. 일반 목이버섯과는 또 다른... ",5
건강 요리,집콕놀이 겸 건강요리 추천! 시금치 요리 시금치효능,"요리 시금치 반죽으로 집콕놀이 해요 글, 사진 @땡유 안녕하세요 땡유입니다:) 집콕놀이 겸 건강요리... ㅎㅎ 요리+놀이+건강 세 가지를 한 번에 잡을 수 있는 시금치 수제비 그리고 칼국수 집콕놀이 집밥요리로... ",3
건강 요리,다이어트 땅콩버터 두부 양배추 라이스페이퍼롤 만들기 건강요리,땅콩버터다이어트 #다이어트식단 #다이어트요리 #다이어트레시피 #다이어트음식 #건강식 #건강식단 #건강요리 #건강레시피 #건강음식 #건강식품 #영양식 #영양식단 #영양요리 #영양레시피 #영양음식 #영양식품,2
건강 요리,황정애건강요리연구소 #한식대가 #한식교강사 #건강요리,당연 건강하겠지요~~~~ 다들 도전해보셔요~~ 황정애도 하는데 다하실수 있어유~~~ 황정애건강요리연구소... 한식교강사 #건강요리 #한신된장 #한식간장 #우리된장 #경기도요리강사 #시흥시요리강사 #인천요리강사... ,3
건강 요리,"건강한 한 끼, 직접 만들어보는 시간!북구보건소 건강 요리교실... ","북구보건소 건강 요리교실이 열립니다! 맛과 건강을 모두 잡은 저염·저당·저열량 식단, 직접 만들어보고 배울 수 있는 알찬 시간✨ 전문 강사님의 이론 교육과 실습까지 함께하는 프로그램이에요.  요리... ",3
건강 요리,볶음 레시피 자른 미역을 계란과 섞어보세요 초간단 건강요리,미역 계란 볶음은 집에서 쉽게 만들 수 있는 건강 요리입니다. 자른 미역과 계란을 함께 볶으면... 레시피를 소개해 드렸습니다. 집에서도 쉽게 만들 수 있는 건강한 미역요리이니 한번 만들어 보시기 바랍니다.,2
건강 요리,"가정식 걸출한 선택, 두부찌개 맛과 영양이 함께하는 건강 요리","**한국 가정식 걸출한 선택, 두부찌개: 맛과 영양이 함께하는 건강 요리** 한국 가정에서 자주 먹는 전통... 풍부하여 건강에 이로운 요리로 손꼽힙니다. 이번 글에서는 두부찌개의 특징, 맛, 영양성분, 요리법... ",1
건강 요리,봄 제철 음식 건강요리 추천,계절에는 신선한 봄 제철 음식으로 건강한 식탁을 준비해 보시길 추천드립니다. . . . . . #봄제철음식 #제철식재료효능 #봄철건강요리 #봄동요리 #주꾸미요리 #냉이요리 #딸기디저트 #제철음식추천 #건강식단 #봄요리,1
건강 요리,관음포연꽃마을협동조합 연잎밥~ 마을담아 건강요리로 맛도... ,평소에 건강한 한끼로 연잎밥 추천합니다. 냉동실에 쟁여 놓으면 든든합니다. 든든한 건강요리인데 간편하게 먹을 수 있어서 굿! 국내산 남해연근이라 더 굿! #연잎밥 #캠핑요리 #집밥 #건강요리 #혼밥... ,5
건강 요리,녹차 건강요리 :: 면사랑 녹차 메밀 소바,면사랑 튀김제품과 함께 먹으면 더욱 맛있게 먹을 수 있다고 해요 너무 기대돼요 다음에는 튀김이나 고로케도 같이 곁들여서 먹어보고 싶어요 건강한 녹차건강요리 즐겨보실 분들은 한 번 드셔보세요,3
건강 요리,한살림 추천 사과 라이트 발사믹 활용 건강 요리,다양한 건강 요리 활용에 좋을 것 같다. 먹을 만큼만 덜어 저녁 밥상 샐러드로. 한살림 사과 라이트 발사믹은 사과의 산뜻한 맛이 느껴져서 좋았다. 추천 한살림 발사믹을 이번에는 방울 토마토 건강 요리에... ,1
건강 요리,달걀버섯으로 만드는 고급스러운 제철 건강 요리,달걀버섯으로 만드는 고급스러운 제철 건강 요리 선선한 가을바람과 함께 식탁을 풍성하게 채울 제철... 고급 요리에 즐겨 사용됩니다. 단백질과 식이섬유가 풍부하여 면역력 강화와 장 건강에 도움을 주며... ,1
건강 요리,냉장고 속 오이로 만드는 5가지 건강 요리,건강하게 요리하는 방법이 중요하답니다! 5. 따라 해볼 수 있는 신박한 오이 요리 레시피 드디어 오늘의 하이라이트! 오이로 만들어볼 수 있는 건강 요리를 소개할게요. ① 오이 샐러드: 오이를 얇게 썰어... ,3
건강 요리,"하남시, '고·당 건강요리교실'로 시민 건강 증진 나서",【메트로타임즈】 하남시(시장 이현재)가 심뇌혈관질환 예방을 위한 '고혈압·당뇨병 건강요리교실... 한 참가자는 &quot;맛과 건강을 동시에 얻을 수 있는 요리법을 배워 매우 만족스럽다&quot;며 &quot;특별한 추억을 만들었고... ,3
건강 요리,[2026년 특화사업] 요리조리! 건강요리교실,● '요리조리! 건강요리교실' 이란? - 관내 다함께돌봄센터 및 지역아동센터 초등학생을 대상으로 '건강 간식 만들기' 요리 체험활동을 통해 컬러푸드와 친해질 수 있는 기회를 마련하고 균형 잡힌... ,3
건강 요리,황정애건강요리연구소 #한식대가 #한식교강사,긁적긁적 다같이 건강해지자구요~~♡♡♡ 요리수업문의 요리출강문의 공공기관수업문의 황정애건강요리연구소 010 **** **** #태초된장 #태초먹거리 #국가과제연구고초균 #된장표준화 #이계호교수님연구메주... ,3
건강 요리,다이어트에 좋은 초간단 토마토 올리브유 샐러드 만들기 건강요리,다이어트요리 #다이어트레시피 #다이어트음식 #건강식 #건강식단 #건강요리 #건강레시피 #건강음식 #건강식품 #영양식 #영양식단 #영양음식 #영양요리 #영양레시피 #영양식품 #건강다이어트식단 #영양다이어트식,2
건강 요리,동두천농아인협회 [튼튼 팔팔]건강요리 종강,"5월 8일 금요일, #경기도농아인협회_동두천지회 에서 주관하는 [튼튼팔팔]건강요리 마지막 수업이... 그동안 요리하며 쌓은 추억들이 일상에 건강한 활력이 되었기를 바랍니다. 맛있게 드시고 항상 건강하세요!... ",3
건강 요리,2024년 대구광역시 군위군 보건소 :: 만성질환 건강요리교실... ,오늘 소개해드릴 군위군 보건소 군민 참여 프로그램 '만성질환 건강요리교실' 에서는 질환별 영양교육과 함께 건강한 레시피로 요리를 배울 예정이랍니다. 대상 ※선착순 12명 군위군내 주소를 두고... ,3
건강 요리,"청심회 4월 정기 모임, ‘허증과 실증에 따른 장 건강 요리’ 특강",한방건강약선학과(학과장 명노일) 소속 청심회는 지난 12일 대전캠퍼스에서 ‘허실에 따른 장 건강 요리... 약선 요리를 제안함으로써 실생활에 활용가능한 맞춤형 식이요법을 전달하기 위해 마련됐다. 이론... ,5
건강 요리,보건소 건강요리교실 태국식 저염 레시피,#요리하는신샘 #부산요리강사신혜경 #보건소프로그램 #보건소저염요리교실 #식생활개선사업 #건강생활실천 #지역사회통합건강증진사업 #주민건강프로그램 #건강요리교육 #저염식생활 #영양교육 #건강식생활... ,3
건강 요리,'요리연구가 박정우의 최고의 건강요리 레시피' 출판했습니다.,작가님 덕분에 가족 모두 사회에서 건강히 무탈하게 일할 수 있었습니다. 정말 축하드립니다.... 요리연구가 박정우의 최고의 건강요리 레시피 박정우2026어느겨울날 작가님과의 책 제작 과정 이야기가... ,2
건강 요리,[아이들 건강요리] 소고기두부 깻잎 말이,[아이들 건강요리] 소고기두부 깻잎 말이 오늘의 건강요리의 메인 재료는 고기 먹을 때 쌈으로 자주 먹는 깻잎인데요 깻잎은 비타민C 외에 칼슘과 철분이 풍부한 채소로 하루 3장씩만 꾸준히 섭취해주면 건강에... ,5
건강 요리,겨울철 건강요리 양배추 롤,"겨울철 건강식으로 양배추 요리 좋아요! 요즘 많이 나오는 양배추를 살짝 삶아서 겨울철 건강요리 양배추 롤 을 만들어 보겠습니다 돼지고기 간 것과 양파,당근,파,마늘 약간 준비하고요 소금, 후추 약간과... ",1
건강 요리,건강요리 파프리카 잡채 만드는 법,"건강요리는 재료의 성분 또한 건강해야 하며, 양념을 최소한으로 사용 하시면 될듯 싶습니다. 그렇다고 맛이 없으면 안됩니다. 당연히 맛도 있어야 합니다. 양파를 넣고 골고루 나무주걱으로 저어 주시면서 볶아... ",3
건강 요리,#새우젓담기 #강화도창후항 #강화도새우젓 #황정애건강요리연구소,맛나겠지만 요리해다보믄 좀 작은애들도 필요해거든요 ㅎㅎ 작년에 우리 사랑하는 정선 선생님께서... 새우 비싸져유 어여덜 새우젓 담그셔요~ #새우젓담기 #강화도창후항 #강화도새우젓 #황정애건강요리연구소,3
건강 요리,풀무원 두부텐더로 마요덮밥 즐기기! 집에서 간단한 건강요리~,은근 건강에 대한 걱정이 되나 보더라구요. 간식을 챙길 때마다 조금 부담을 갖는 것 같아서 조금 더 건강요리를 즐길 수 있는 제품을 찾아보았어요~ 그러다 찾은 유튜버 조은 fine 영상! 나와 지구를 위한... ,5
건강 요리,당근 양배추 샐러드 만들기 다이어트샐러드 항암샐러드 건강요리,야채샐러드 #건강샐러드 #다이어트식단 #다이어트요리 #다이어트레시피 #다이어트음식 #항암요리 #항암레시피 #항암식단 #건강요리 #건강식단 #건강레시피 #당근요리 #양배추요리 #토마토요리 #오이요리,5
건강 요리,부평종합복지관 시니어요리수업 건강요리 100세건강교실,010 **** **** [복지관요리수업]부평종합복지관 #시니어요리수업 #건강요리 100세건강교실 #만성질환예방요리 #황정애건강요리연구소 #한식대가 #한식교강사 #건강요리 #저속노화메뉴 #저속노화밥상,3
건강 요리,보건소요리수업 양천구보건소별관 건강요리교육실,010 **** **** [양천구가족센터요리수업]보건소요리수업 양천구보건소별관 건강요리교육실 황정애건강요리연구소 #한식대가 #한식교강사 #건강요리 #만성질환예방요리 #저속노화밥상 #저속노화메뉴,3
건강 요리,[저속노화밥상] 철산건강생활지원센터요리 보건소건강요리수업... ,공공기관수업문의 황정애건강요리연구소 010 **** **** #저속노화밥상 #철산건강생활지원센터요리 #보건소요리수업 #만성질환예방요리 #시니어요리수업 #황정애건강요리연구소 #한식대가 #한식교강사 #건강요리,3
건강 요리,오늘소꿉놀이 #반찬놀이 #건나물볶음  #황정애건강요리연구소,ㅎㅎㅎ 찌개는 회장님이 끓여~~ #건호박나물볶음 #오늘소꿉놀이 #반찬놀이 #건나물볶음 #황정애건강요리연구소 #장애인요리수업 #발달장애인요리수업 수업문의 공공기관수업문의 황정애건강요리연구소 010********,3
건강 요리,장애인요리수업 #황정애건강요리연구소 #한식대가 #한식교강사... ,6342 4044 #중증장애인요리수업 #밝은마음 #중증장애인요양시설 #장애인요리수업 #황정애건강요리연구소 #한식대가 #한식교강사 #건강요리 #경기도요리강사 #시흥시요리강사 #인천요리강사 #농업기술센터요리강사,3
건강 요리,보건소요리수업 건강요리 건강밥상 강황닭볶음 강황요리,즐겨보세요~~~ 즐거운수업 너무감사드립니다~~~ 담주에 또 뵈어요~~~~ #철산건강생활지원센터요리 #보건소요리수업 #만성질환예방요리 #시니어요리수업 #황정애건강요리연구소 #한식대가 #한식교강사 #건강요리,3
건강 요리,가지나물볶음 #오늘소꿉놀이 #반찬놀이 #황정애건강요리연구소,반성하거라~~~ 자꾸 짜게 묵으믄 혼난다잉 카악!! 마!! #건가지볶음 #건나물볶음 #가지나물볶음 #오늘소꿉놀이 #반찬놀이 #황정애건강요리연구소 수업문의 공공기관수업문의 황정애건강요리연구소 010********,3
건강 요리,보건소요리수업 #소하건강생활... 요리 #황정애건강요리연구소... ,요리출강문의 공공기관수업문의 황정애건강요리연구소 010 **** **** #멸치깻잎김치 #보건소요리수업 #소하건강생활지원센터 요리수업 #만성질환예방요리 #황정애건강요리연구소 #한식대가 #한식교강사 #건강요리,3
건강 요리,#간재미조림 #무조림 #반찬놀이 #건강요리 #황정애건강요리연구소,끝~~ #간재미조림 #무조림 #반찬놀이 #건강요리 #황정애건강요리연구소 #경기도요리강사 #시흥시요리강사 #인천요리강사 #농업기술센터요리강사 #한식요리수업 수업문의 공공기관수업문의... ,3
건강 요리,#100세건강교실 #시니어요리수... 요리 #황정애건강요리연구소... ,황정애건강요리연구소 010 **** **** #100세건강교실 #시니어요리수업 #부평중부복지관 #만성질환예방요리 #황정애건강요리연구소 #한식대가 #한식교강사 #건강요리 #경기도요리강사 #시흥시요리강사... ,3
건강 요리,벽제농협본점요리 #제철농산물활용건강요리... ,장봐가셔요~~~ #로컬푸드활용요리 #하나로마트요리수업 #벽제농협본점 #제철농산물활용건강요리 요리수업문의 요리출강문의 공공기관수업문의 황정애건강요리연구소 010 **** **** #로컬푸드활용요리... ,3
건강 요리,시니어 건강요리수업   100세건강교실  만성질환예방요리,4044 #시니어요리수업 #부평중부종합복지관 #복지관요리수업 #100세건강교실 #황정애건강요리연구소 #한식대가 #한식교강사 #건강요리 #만성질환예방요리 #경기도요리강사 #시흥시요리강사 #인천요리강사... ,3
건강 요리,#드림스타트요리수업... 황정애건강요리연구소 #한식대가... ,4044 #드림스타트요리수업 #인청중구드림스타트 #찹스테이크 #채소적응하기 #황정애건강요리연구소 #한식대가 #한식교강사 #건강요리 #식습관교육 #경기도요리강사 #시흥시요리강사 #인천요리강사... ,3
건강 요리,제철농산물요리 #황정애건강요리연구소 #한식대가 #한식교강사... ,황정애건강요리연구소 010 **** **** #벽제농협본점 #하나로마트로컬푸드매장 #로컬푸드활용요리 #제철농산물요리 #황정애건강요리연구소 #한식대가 #한식교강사 #건강요리 #경기도요리강사 #시흥시요리강사,3
건강 요리,소하건강생활지원센터 #만성질환예방요리 #황정애건강요리연구... ,요리수업문의 요리출강문의 공공기관수업문의 황정애건강요리연구소 010 **** **** #보건소요리수업 #소하건강생활지원센터 #만성질환예방요리 #황정애건강요리연구소 #한식대가 #한식교강사 #건강요리,3
건강 요리,중증장애인요리수업 #황정애건강요리연구소 #한식대가... ,장애인요리수업 황정애건강요리연구소 010 **** **** #밝은마음 중증자애인요양시설 #장애인시설 #인천장애인요리수업 #중증장애인요리수업 #황정애건강요리연구소 #한식대가 #한식교강사 #건강요리,3
건강 요리,한식대가 #한식교강사 #건강요리 #장애인요리수업 #저염저당요리,"기본 건강상식, 모자란 영양섭취교육은 꼭 이루어져야 합니다~~ 개인별 맞춤으로 안전하게 준비하고... 한식교강사 #건강요리 #장애인요리수업 #저염저당요리 #경기도요리강사 #시흥시요리강사 #인천요리강사... ",1
건강 요리,제철식재료활용요리 #황정애건강요리연구소 #한식대가... ,위건강에도 도움을주는 이쁘디이쁜 식재료 입니다~~ 시연후 요이땅 또 달리십니다 ㅎㅎㅎ 아유... 4044 #두부전골 #연근장아찌 #벽제농협본점 #로컬푸드활용요리 #제철식재료활용요리 #황정애건강요리연구소... ,1
건강 요리,#주안4동주민자치회 #건강요리수업 #시니어요리수업... ,한주 건강 잘챙기셔요~~ #주안4동주민자치회 #건강요리수업 #시니어요리수업 요리수업문의 요리출강문의 공공기관수업문의 황정애건강요리연구소 010 **** **** #주안4동주민자치회 #건강요리수업... ,3
건강 요리,요리]벽제농협본점내에 하나로마트 제철식재료 활용 건강요리... ,요리출강문의 공공기관수업문의 황정애건강요리연구소 010 **** **** #벽제농협본점요리수업 #하나로마트요리수업 #제철식재료 요리수업 #로컬푸드활용요리 #황정애건강요리연구소 #한식대가 #한식교강사 #건강요리,3
건강 요리,중증장애인요양시설요리 #케이크만들기 #황정애건강요리연구소... ,행복하게 건강하게 보내시고 내년에 또 만나요~~~ 곰방 돌어옵니다요~~~~♡♡ #중증장애인요리수업... 중증장애인요리수업 요리수업문의 황정애건강요리연구소 010 **** **** #중증장애인요리수업 #밝은마음... ,3
건강 요리,드림스타트요리수업 #황정애건강요리연구소 #한식대가... ,요리수업문의 요리출강문의 공공기관수업문의 황정애건강요리연구소 010 **** **** #영종도드림스타드 #밀키드수업 #영종도요리수업 #드림스타트요리수업 #황정애건강요리연구소 #한식대가 #한식교강사 #건강요리,3
건강 요리,건강정신과마음치유요리... 보건소요리수업 #황정애건강요리연... ,공공기관수업문의 황정애건강요리연구소 010 **** **** #시흥시보건소 #건강정신과마음치유요리 #마음테라피요리수업 #보건소요리수업 #황정애건강요리연구소 #한식대가 #한식교강사 #건강요리 #만성질환예방요리,3
건강 요리,요리수업 #인천중구보건소국제도시분과 #황정애건강요리연구소... ,만성질환예방요리수업 한시간안에 뚝딱 끝내야 하는수업이라 좀 바쁘네요~~ 이번수업은 건강한... 황정애건강요리연구소 010 **** **** #영종보건소요리수업 #만성질환예방요리 #시니어요리수업... ,3
건강 요리,[아이들 건강요리] 늙은호박전 - 간식-,아이들 건강간식으로도 안성맞춤인 간식이예요 ㅋ 오늘의 메인 재료 늙은호박이랍니다 늙은호박은... 아이들 건강요리 늙은호박전~~~ 사실 늙은호박전은 아이들도 잘 먹지만 저도 굉장히 좋아하는 요리에요... ,5
건강 요리,[아이들 건강요리] 쭈꾸미 연포탕 - 탕요리-,탕요리- 오늘 아이들 건강 요리는 고단백 식품 쭈꾸미를 이용한 연포탕이예요^^ 연포탕은 원래 낙지를 주재료한 겨울철 보양식으로 한 그릇 먹어주면 왠지 겨울 철 추위도 풀리고 더욱 건강해지는 느낌이... ,5
건강 요리,아삭한 식감 가을철 건강요리 연근조림,"오늘은 건강 식재료의 대표주자와도 같은 연근을 활용한 요리, 조림을 만들어 보았습니다. 연근은 아삭한 식감이 있지만 씁쓸한 맛이 있어 몸에 좋은 가을철 건강요리를 가족들에게 먹이기가 쉬운 일은... ",3
건강 요리,[아이들 건강요리] 도토리묵사발 -반찬-,[아이들 건강요리] 도토리묵사발 -반찬- 오늘 소개해드릴 건강요리는 도토리묵으로 만든... 아주 맛있답니다 ㅋ 집에서 직접 만든 도토리묵으로 만들어 본 도토리묵사발 ㅋ 아이들도 건강하게 먹을 수 있겠죠^^,5
건강 요리,"꽃게요리/환절기 면역력에 좋은 건강요리, 꽃게강정","더불어 껍질에 많이 들어있는 키토산을 맘껏 흡입할 수 있으니 건강에도 도움이 되겠지요? 오늘은 환절기 면역력에 좋은 건강요리~ 꽃게요리, 꽃게강정을 만들어보세요. 휘슬러 카페에 가면 더 맛있는... ",3
건강 요리,풀무원 지속가능성 두부면 건강요리 두부김밥,풀무원 지속가능성 두부면 건강요리 두부김밥 매번 건강요리만 생각하다가 나의 건강뿐만 아닌 뭔가 의미 있는 요리가 없을까 싶었는데 지속가능성이라는 것이 눈에 띄더라구요. 나의 건강 나아가 지구의... ,1
건강 요리,[아이들 건강요리] 엄마표 고구마스틱 - 간식 -,아이들 건강요리 간식으로 엄마표 고구마스틱 만들기를 소개해드려요^^ 오늘 요리 초간단... 고구마에는 장 건강에 도움을 주는 식이섬유가 풍부한데요 식이섬유는 포만감을 느껴 다이어트에 도움을 주기 때문에... ,5
건강 요리,&lt;닭백숙만들기&gt;초간단 건강요리 닭백숙,어쩜 그렇게 아이디어가 넘치는 요리들도 가득인지 너무 부러워요!! 저희집 반찬은 항상 그게 그거거든요~ 이렇게 평생 같은것만 먹고 살아야하는건지 넘 걱정이에요~ &gt;..&lt; 오늘 저희 집 식단은 초간단 건강요리... ,5
건강 요리,밥반찬 술안주 일석이조 건강요리 고추부각,술안주 요리로 한줌씩 꺼내 튀겨내면 아주 훌륭한 건강요리인 고추부각을 먹을 수 있답니다.... 더욱 건강한 요리로 새해 소망인 건강관리에 힘 써보시는건 어떨까 조심스레 제안해드립니다. 조금은 부지런을... ,2
건강 요리,파이토케미컬 건강요리  4주연속 쿠킹클래스 백항선,건강하게 만들어볼께요 세계푸드테라피협회에서 파이토케미컬 음식으로 건강하게 다욧할수있는 #건강요리 #채식요리지도사 #채식 #비건생크림 만들어봅니다 이제 봄학기 수업들을 하셔야 하니 한층... ,3
건강 요리,건강요리 브레인푸드 새송이버섯조림,건강밥상을 책임지는 밑반찬 요리로 아주 좋은 새송이버섯조림이랍니다. 건강요리 브레인푸드이지만 집에 있는 양념재료로 간단하게 만들 수 있어 더욱 추천드리는 밑반찬 새송이버섯조림이지요^^ 그럼... ,3
건강 요리,건강요리 우엉잡채 맛있게 만드는법,최고인 건강요리 우엉잡채를 맛있게 만들어봤어요.우엉은 500원짜리 동전 굵기로~ 골라서 준비... 잡채보다는 우엉을 더 넣어서 요리해보세요. 건강해지는 맛있는 요리!! 온가족을 위해서 준비해보세요.^^,2
건강 요리,영양보충 건강요리 닭개장 만들기,"쿠킹마마 레시피, 보양식 건강요리 얼큰한 닭개장 여름철 영양보충 보양식의 대명사 닭으로 만든 요리... 소고기 대신 닭고기를 넣어 얼큰하게 끓여 낸 닭개장으로 영양보충 건강식사 해보세요. 닭개장은... ",3
건강 요리,"♪ 온가족 건강요리, 돼지고기 마늘말이 과일조림","충실하면서 요리를 만들고 있답니다. 오늘도 역시, 주변에 늘 접하는 식재료를 이용하여 건강 요리를 만들어 보았답니다. 뭐~ 보양이 별거 있나요? 먹고서 건강에 도움이 되면 그게 바로 보약이 아니겠어요?... ",1
건강 요리,"[블로그 기자] 울산 남구 무거건강생활지원센터, 건강요리교실... ",울산 남구에 위치하고 있는 무거건강생활지원센터에서 주기적으로 요리교실을 진행하고 있는데요 저는 2월에 공고가 떠서 건강요리교실 1기에 지원했고 현재 수강하고 있습니다. 종종 요리교실을 하던데 과연... ,3
